名称             频数      频率      最高比率    相对比率    
沟通表达能力            70512   0.633   1.000   0.098
团队协作能力            64868   0.582   0.920   0.090
逻辑思维能力            62896   0.565   0.892   0.088
专业素质良好            44449   0.399   0.630   0.062
设计能力              41486   0.372   0.588   0.058
遵纪守法              37944   0.341   0.538   0.053
文案能力              31315   0.281   0.444   0.044
责任心               29891   0.268   0.424   0.042
学习能力              29571   0.265   0.419   0.041
抗压能力              29532   0.265   0.419   0.041
工作激情              29344   0.263   0.416   0.041
执行能力              28952   0.260   0.411   0.040
创新能力              27054   0.243   0.384   0.038
常用办公软件的使用         25733   0.231   0.365   0.036
领悟能力              23896   0.215   0.339   0.033
服务意识              20957   0.188   0.297   0.029
领导能力              20843   0.187   0.296   0.029
上进心               16490   0.148   0.234   0.023
美术能力              14198   0.127   0.201   0.020
亲和力               12067   0.108   0.171   0.017
人脉资源              11405   0.102   0.162   0.016
外语基础               7427   0.067   0.105   0.010
形象气质佳              5795   0.052   0.082   0.008
审美能力               4827   0.043   0.068   0.007
人际交往               4713   0.042   0.067   0.007
能出差                3974   0.036   0.056   0.006
应变能力               3724   0.033   0.053   0.005
自律                 3135   0.028   0.044   0.004
关注行业                577   0.005   0.008   0.001
全局观                 206   0.002   0.003   0.000
total  111384
