名称             频数      频率      最高比率    相对比率    
团队协作能力              387   0.860   1.000   0.122
沟通表达能力              370   0.822   0.956   0.117
逻辑思维能力              235   0.522   0.607   0.074
创新能力                230   0.511   0.594   0.072
抗压能力                209   0.464   0.540   0.066
执行能力                188   0.418   0.486   0.059
工作激情                150   0.333   0.388   0.047
专业素质良好              135   0.300   0.349   0.043
服务意识                131   0.291   0.339   0.041
遵纪守法                122   0.271   0.315   0.038
学习能力                117   0.260   0.302   0.037
人脉资源                115   0.256   0.297   0.036
责任心                 112   0.249   0.289   0.035
上进心                  79   0.176   0.204   0.025
形象气质佳                78   0.173   0.202   0.025
亲和力                  77   0.171   0.199   0.024
领悟能力                 76   0.169   0.196   0.024
领导能力                 70   0.156   0.181   0.022
能出差                  42   0.093   0.109   0.013
文案能力                 40   0.089   0.103   0.013
应变能力                 36   0.080   0.093   0.011
常用办公软件的使用            35   0.078   0.090   0.011
人际交往                 31   0.069   0.080   0.010
设计能力                 30   0.067   0.078   0.009
外语基础                 26   0.058   0.067   0.008
自律                   13   0.029   0.034   0.004
审美能力                  5   0.011   0.013   0.002
关注行业                  2   0.004   0.005   0.001
美术能力                  2   0.004   0.005   0.001
total  450
