名称             频数      频率      最高比率    相对比率    
逻辑思维能力              374   0.831   1.000   0.144
团队协作能力              262   0.582   0.701   0.101
沟通表达能力              255   0.567   0.682   0.098
执行能力                175   0.389   0.468   0.067
文案能力                174   0.387   0.465   0.067
学习能力                144   0.320   0.385   0.055
创新能力                136   0.302   0.364   0.052
专业素质良好              130   0.289   0.348   0.050
责任心                 125   0.278   0.334   0.048
工作激情                120   0.267   0.321   0.046
遵纪守法                109   0.242   0.291   0.042
服务意识                 85   0.189   0.227   0.033
抗压能力                 83   0.184   0.222   0.032
设计能力                 73   0.162   0.195   0.028
常用办公软件的使用            64   0.142   0.171   0.025
上进心                  60   0.133   0.160   0.023
领导能力                 57   0.127   0.152   0.022
领悟能力                 40   0.089   0.107   0.015
外语基础                 33   0.073   0.088   0.013
人脉资源                 21   0.047   0.056   0.008
亲和力                  13   0.029   0.035   0.005
人际交往                 11   0.024   0.029   0.004
形象气质佳                 6   0.013   0.016   0.002
自律                    6   0.013   0.016   0.002
审美能力                  4   0.009   0.011   0.002
应变能力                  3   0.007   0.008   0.001
关注行业                  2   0.004   0.005   0.001
美术能力                  1   0.002   0.003   0.000
能出差                   1   0.002   0.003   0.000
total  450
