名称             频数      频率      最高比率    相对比率    
沟通表达能力             8596   0.738   1.000   0.110
团队协作能力             7833   0.672   0.911   0.100
逻辑思维能力             6216   0.533   0.723   0.080
抗压能力               4435   0.381   0.516   0.057
执行能力               4134   0.355   0.481   0.053
创新能力               4024   0.345   0.468   0.051
遵纪守法               3981   0.342   0.463   0.051
工作激情               3731   0.320   0.434   0.048
专业素质良好             3591   0.308   0.418   0.046
责任心                3127   0.268   0.364   0.040
学习能力               2949   0.253   0.343   0.038
服务意识               2879   0.247   0.335   0.037
文案能力               2569   0.220   0.299   0.033
领导能力               2326   0.200   0.271   0.030
常用办公软件的使用          2319   0.199   0.270   0.030
亲和力                2287   0.196   0.266   0.029
领悟能力               1995   0.171   0.232   0.026
人脉资源               1869   0.160   0.217   0.024
上进心                1627   0.140   0.189   0.021
人际交往               1484   0.127   0.173   0.019
设计能力               1123   0.096   0.131   0.014
形象气质佳              1112   0.095   0.129   0.014
外语基础               1029   0.088   0.120   0.013
应变能力                758   0.065   0.088   0.010
能出差                 675   0.058   0.079   0.009
自律                  351   0.030   0.041   0.004
审美能力                153   0.013   0.018   0.002
美术能力                 92   0.008   0.011   0.001
关注行业                 50   0.004   0.006   0.001
全局观                  17   0.001   0.002   0.000
total  11655
