名称             频数      频率      最高比率    相对比率    
沟通表达能力                4   0.571   1.000   0.114
团队协作能力                4   0.571   1.000   0.114
创新能力                  3   0.429   0.750   0.086
抗压能力                  3   0.429   0.750   0.086
学习能力                  2   0.286   0.500   0.057
领导能力                  2   0.286   0.500   0.057
领悟能力                  2   0.286   0.500   0.057
亲和力                   2   0.286   0.500   0.057
专业素质良好                2   0.286   0.500   0.057
人脉资源                  2   0.286   0.500   0.057
工作激情                  1   0.143   0.250   0.029
常用办公软件的使用             1   0.143   0.250   0.029
遵纪守法                  1   0.143   0.250   0.029
上进心                   1   0.143   0.250   0.029
服务意识                  1   0.143   0.250   0.029
应变能力                  1   0.143   0.250   0.029
total  7
