名称             频数      频率      最高比率    相对比率    
人际交往                 66   1.000   1.000   0.120
沟通表达能力               58   0.879   0.879   0.105
团队协作能力               46   0.697   0.697   0.083
文案能力                 41   0.621   0.621   0.074
执行能力                 37   0.561   0.561   0.067
形象气质佳                34   0.515   0.515   0.062
创新能力                 29   0.439   0.439   0.053
逻辑思维能力               26   0.394   0.394   0.047
领导能力                 25   0.379   0.379   0.045
人脉资源                 22   0.333   0.333   0.040
抗压能力                 21   0.318   0.318   0.038
工作激情                 19   0.288   0.288   0.034
专业素质良好               18   0.273   0.273   0.033
遵纪守法                 17   0.258   0.258   0.031
责任心                  15   0.227   0.227   0.027
应变能力                 13   0.197   0.197   0.024
领悟能力                 11   0.167   0.167   0.020
亲和力                  11   0.167   0.167   0.020
上进心                   8   0.121   0.121   0.015
学习能力                  6   0.091   0.091   0.011
外语基础                  5   0.076   0.076   0.009
设计能力                  5   0.076   0.076   0.009
服务意识                  5   0.076   0.076   0.009
常用办公软件的使用             4   0.061   0.061   0.007
审美能力                  3   0.045   0.045   0.005
关注行业                  2   0.030   0.030   0.004
自律                    2   0.030   0.030   0.004
能出差                   1   0.015   0.015   0.002
total  66
