名称             频数      频率      最高比率    相对比率    
逻辑思维能力              392   0.871   1.000   0.145
沟通表达能力              266   0.591   0.679   0.098
团队协作能力              227   0.504   0.579   0.084
专业素质良好              198   0.440   0.505   0.073
常用办公软件的使用           188   0.418   0.480   0.069
文案能力                170   0.378   0.434   0.063
学习能力                146   0.324   0.372   0.054
设计能力                143   0.318   0.365   0.053
领悟能力                117   0.260   0.298   0.043
抗压能力                 95   0.211   0.242   0.035
执行能力                 90   0.200   0.230   0.033
遵纪守法                 89   0.198   0.227   0.033
责任心                  88   0.196   0.224   0.032
工作激情                 84   0.187   0.214   0.031
上进心                  82   0.182   0.209   0.030
人脉资源                 60   0.133   0.153   0.022
领导能力                 59   0.131   0.151   0.022
创新能力                 54   0.120   0.138   0.020
外语基础                 31   0.069   0.079   0.011
服务意识                 30   0.067   0.077   0.011
亲和力                  13   0.029   0.033   0.005
自律                   12   0.027   0.031   0.004
能出差                   8   0.018   0.020   0.003
应变能力                  5   0.011   0.013   0.002
美术能力                  4   0.009   0.010   0.001
关注行业                  3   0.007   0.008   0.001
人际交往                  2   0.004   0.005   0.001
形象气质佳                 2   0.004   0.005   0.001
审美能力                  2   0.004   0.005   0.001
total  450
