名称             频数      频率      最高比率    相对比率    
沟通表达能力               10   0.667   1.000   0.125
团队协作能力                9   0.600   0.900   0.113
逻辑思维能力                9   0.600   0.900   0.113
工作激情                  6   0.400   0.600   0.075
抗压能力                  6   0.400   0.600   0.075
领导能力                  5   0.333   0.500   0.062
遵纪守法                  5   0.333   0.500   0.062
执行能力                  4   0.267   0.400   0.050
领悟能力                  4   0.267   0.400   0.050
专业素质良好                4   0.267   0.400   0.050
上进心                   4   0.267   0.400   0.050
责任心                   3   0.200   0.300   0.037
审美能力                  2   0.133   0.200   0.025
亲和力                   2   0.133   0.200   0.025
学习能力                  1   0.067   0.100   0.013
应变能力                  1   0.067   0.100   0.013
设计能力                  1   0.067   0.100   0.013
服务意识                  1   0.067   0.100   0.013
创新能力                  1   0.067   0.100   0.013
total  15
