名称             频数      频率      最高比率    相对比率    
沟通表达能力              331   0.737   1.000   0.108
团队协作能力              318   0.708   0.961   0.104
逻辑思维能力              241   0.537   0.728   0.079
抗压能力                218   0.486   0.659   0.071
执行能力                206   0.459   0.622   0.067
创新能力                175   0.390   0.529   0.057
工作激情                160   0.356   0.483   0.052
遵纪守法                133   0.296   0.402   0.044
责任心                 130   0.290   0.393   0.043
学习能力                129   0.287   0.390   0.042
亲和力                 122   0.272   0.369   0.040
专业素质良好              117   0.261   0.353   0.038
服务意识                 94   0.209   0.284   0.031
领导能力                 69   0.154   0.208   0.023
人脉资源                 64   0.143   0.193   0.021
文案能力                 63   0.140   0.190   0.021
领悟能力                 63   0.140   0.190   0.021
上进心                  63   0.140   0.190   0.021
常用办公软件的使用            56   0.125   0.169   0.018
外语基础                 54   0.120   0.163   0.018
人际交往                 47   0.105   0.142   0.015
能出差                  37   0.082   0.112   0.012
形象气质佳                36   0.080   0.109   0.012
设计能力                 27   0.060   0.082   0.009
应变能力                 26   0.058   0.079   0.009
自律                   26   0.058   0.079   0.009
审美能力                  8   0.018   0.024   0.003
美术能力                  5   0.011   0.015   0.002
全局观                   2   0.004   0.006   0.001
关注行业                  2   0.004   0.006   0.001
total  449
