名称             频数      频率      最高比率    相对比率    
执行能力                  3   1.000   1.000   0.107
沟通表达能力                3   1.000   1.000   0.107
团队协作能力                2   0.667   0.667   0.071
服务意识                  2   0.667   0.667   0.071
人际交往                  2   0.667   0.667   0.071
创新能力                  2   0.667   0.667   0.071
抗压能力                  2   0.667   0.667   0.071
责任心                   2   0.667   0.667   0.071
逻辑思维能力                2   0.667   0.667   0.071
领导能力                  1   0.333   0.333   0.036
领悟能力                  1   0.333   0.333   0.036
常用办公软件的使用             1   0.333   0.333   0.036
遵纪守法                  1   0.333   0.333   0.036
设计能力                  1   0.333   0.333   0.036
文案能力                  1   0.333   0.333   0.036
工作激情                  1   0.333   0.333   0.036
审美能力                  1   0.333   0.333   0.036
total  3
