名称             频数      频率      最高比率    相对比率    
沟通表达能力              335   0.744   1.000   0.111
逻辑思维能力              283   0.629   0.845   0.094
团队协作能力              256   0.569   0.764   0.085
遵纪守法                214   0.476   0.639   0.071
专业素质良好              176   0.391   0.525   0.059
文案能力                141   0.313   0.421   0.047
人脉资源                140   0.311   0.418   0.047
工作激情                139   0.309   0.415   0.046
抗压能力                136   0.302   0.406   0.045
学习能力                129   0.287   0.385   0.043
服务意识                127   0.282   0.379   0.042
执行能力                109   0.242   0.325   0.036
设计能力                100   0.222   0.299   0.033
领悟能力                 96   0.213   0.287   0.032
创新能力                 85   0.189   0.254   0.028
责任心                  85   0.189   0.254   0.028
上进心                  81   0.180   0.242   0.027
领导能力                 77   0.171   0.230   0.026
亲和力                  61   0.136   0.182   0.020
常用办公软件的使用            52   0.116   0.155   0.017
外语基础                 45   0.100   0.134   0.015
能出差                  28   0.062   0.084   0.009
人际交往                 24   0.053   0.072   0.008
应变能力                 16   0.036   0.048   0.005
形象气质佳                16   0.036   0.048   0.005
自律                    8   0.018   0.024   0.003
审美能力                  6   0.013   0.018   0.002
美术能力                  3   0.007   0.009   0.001
关注行业                  2   0.004   0.006   0.001
total  450
