名称             频数      频率      最高比率    相对比率    
遵纪守法                123   0.891   1.000   0.107
沟通表达能力              119   0.862   0.967   0.104
人际交往                108   0.783   0.878   0.094
团队协作能力              106   0.768   0.862   0.093
文案能力                 93   0.674   0.756   0.081
形象气质佳                85   0.616   0.691   0.074
专业素质良好               67   0.486   0.545   0.059
亲和力                  57   0.413   0.463   0.050
逻辑思维能力               47   0.341   0.382   0.041
应变能力                 44   0.319   0.358   0.038
执行能力                 38   0.275   0.309   0.033
工作激情                 36   0.261   0.293   0.031
人脉资源                 35   0.254   0.285   0.031
抗压能力                 35   0.254   0.285   0.031
创新能力                 26   0.188   0.211   0.023
能出差                  23   0.167   0.187   0.020
常用办公软件的使用            22   0.159   0.179   0.019
责任心                  17   0.123   0.138   0.015
学习能力                 14   0.101   0.114   0.012
领导能力                 13   0.094   0.106   0.011
领悟能力                 12   0.087   0.098   0.010
服务意识                  8   0.058   0.065   0.007
上进心                   4   0.029   0.033   0.003
设计能力                  3   0.022   0.024   0.003
外语基础                  1   0.007   0.008   0.001
自律                    1   0.007   0.008   0.001
美术能力                  1   0.007   0.008   0.001
total  138
