名称             频数      频率      最高比率    相对比率    
执行能力                284   0.761   1.000   0.100
沟通表达能力              275   0.737   0.968   0.097
创新能力                270   0.724   0.951   0.095
逻辑思维能力              256   0.686   0.901   0.090
文案能力                246   0.660   0.866   0.087
团队协作能力              231   0.619   0.813   0.081
专业素质良好              174   0.466   0.613   0.061
抗压能力                112   0.300   0.394   0.040
设计能力                102   0.273   0.359   0.036
工作激情                 99   0.265   0.349   0.035
常用办公软件的使用            90   0.241   0.317   0.032
责任心                  88   0.236   0.310   0.031
领悟能力                 85   0.228   0.299   0.030
遵纪守法                 73   0.196   0.257   0.026
领导能力                 66   0.177   0.232   0.023
人际交往                 52   0.139   0.183   0.018
学习能力                 46   0.123   0.162   0.016
亲和力                  39   0.105   0.137   0.014
人脉资源                 37   0.099   0.130   0.013
服务意识                 36   0.097   0.127   0.013
审美能力                 30   0.080   0.106   0.011
上进心                  29   0.078   0.102   0.010
应变能力                 26   0.070   0.092   0.009
形象气质佳                24   0.064   0.085   0.008
能出差                  15   0.040   0.053   0.005
外语基础                 14   0.038   0.049   0.005
美术能力                 13   0.035   0.046   0.005
关注行业                  6   0.016   0.021   0.002
自律                    5   0.013   0.018   0.002
total  373
