名称             频数      频率      最高比率    相对比率    
外语基础                290   1.115   1.000   0.153
沟通表达能力              190   0.731   0.655   0.100
团队协作能力              165   0.635   0.569   0.087
逻辑思维能力              117   0.450   0.403   0.062
创新能力                113   0.435   0.390   0.060
抗压能力                101   0.388   0.348   0.053
执行能力                 94   0.362   0.324   0.049
亲和力                  85   0.327   0.293   0.045
专业素质良好               80   0.308   0.276   0.042
学习能力                 72   0.277   0.248   0.038
遵纪守法                 64   0.246   0.221   0.034
责任心                  64   0.246   0.221   0.034
上进心                  59   0.227   0.203   0.031
文案能力                 54   0.208   0.186   0.028
服务意识                 50   0.192   0.172   0.026
工作激情                 46   0.177   0.159   0.024
常用办公软件的使用            46   0.177   0.159   0.024
人脉资源                 36   0.138   0.124   0.019
领导能力                 34   0.131   0.117   0.018
领悟能力                 32   0.123   0.110   0.017
设计能力                 21   0.081   0.072   0.011
人际交往                 15   0.058   0.052   0.008
能出差                  12   0.046   0.041   0.006
自律                   11   0.042   0.038   0.006
美术能力                  9   0.035   0.031   0.005
应变能力                  8   0.031   0.028   0.004
形象气质佳                 6   0.023   0.021   0.003
审美能力                  2   0.008   0.007   0.001
全局观                   1   0.004   0.003   0.001
total  260
