名称             频数      频率      最高比率    相对比率    
团队协作能力              364   0.809   1.000   0.116
沟通表达能力              354   0.787   0.973   0.113
创新能力                236   0.524   0.648   0.075
抗压能力                204   0.453   0.560   0.065
遵纪守法                178   0.396   0.489   0.057
工作激情                176   0.391   0.484   0.056
逻辑思维能力              168   0.373   0.462   0.054
服务意识                153   0.340   0.420   0.049
执行能力                136   0.302   0.374   0.044
专业素质良好              128   0.284   0.352   0.041
责任心                 127   0.282   0.349   0.041
学习能力                117   0.260   0.321   0.037
亲和力                 114   0.253   0.313   0.036
领导能力                111   0.247   0.305   0.036
人脉资源                103   0.229   0.283   0.033
领悟能力                 67   0.149   0.184   0.021
能出差                  64   0.142   0.176   0.020
上进心                  58   0.129   0.159   0.019
人际交往                 58   0.129   0.159   0.019
常用办公软件的使用            50   0.111   0.137   0.016
形象气质佳                44   0.098   0.121   0.014
应变能力                 24   0.053   0.066   0.008
文案能力                 21   0.047   0.058   0.007
外语基础                 15   0.033   0.041   0.005
自律                   12   0.027   0.033   0.004
设计能力                  7   0.016   0.019   0.002
关注行业                  3   0.007   0.008   0.001
全局观                   1   0.002   0.003   0.000
美术能力                  1   0.002   0.003   0.000
审美能力                  1   0.002   0.003   0.000
total  450
