名称             频数      频率      最高比率    相对比率    
沟通表达能力              303   0.678   1.000   0.118
团队协作能力              266   0.595   0.878   0.104
逻辑思维能力              222   0.497   0.733   0.086
抗压能力                172   0.385   0.568   0.067
领导能力                136   0.304   0.449   0.053
责任心                 130   0.291   0.429   0.051
遵纪守法                124   0.277   0.409   0.048
专业素质良好              123   0.275   0.406   0.048
执行能力                117   0.262   0.386   0.046
常用办公软件的使用           116   0.260   0.383   0.045
服务意识                109   0.244   0.360   0.042
工作激情                106   0.237   0.350   0.041
设计能力                 94   0.210   0.310   0.037
领悟能力                 71   0.159   0.234   0.028
创新能力                 66   0.148   0.218   0.026
文案能力                 62   0.139   0.205   0.024
学习能力                 59   0.132   0.195   0.023
外语基础                 54   0.121   0.178   0.021
上进心                  45   0.101   0.149   0.018
能出差                  39   0.087   0.129   0.015
亲和力                  29   0.065   0.096   0.011
人脉资源                 28   0.063   0.092   0.011
形象气质佳                18   0.040   0.059   0.007
应变能力                 10   0.022   0.033   0.004
自律                   10   0.022   0.033   0.004
人际交往                  9   0.020   0.030   0.004
美术能力                  2   0.004   0.007   0.001
关注行业                  1   0.002   0.003   0.000
审美能力                  1   0.002   0.003   0.000
total  447
