名称             频数      频率      最高比率    相对比率    
沟通表达能力              116   0.592   1.000   0.105
团队协作能力              113   0.577   0.974   0.102
逻辑思维能力               80   0.408   0.690   0.072
创新能力                 65   0.332   0.560   0.059
工作激情                 60   0.306   0.517   0.054
学习能力                 56   0.286   0.483   0.051
抗压能力                 56   0.286   0.483   0.051
执行能力                 55   0.281   0.474   0.050
责任心                  51   0.260   0.440   0.046
专业素质良好               50   0.255   0.431   0.045
服务意识                 49   0.250   0.422   0.044
文案能力                 48   0.245   0.414   0.043
遵纪守法                 42   0.214   0.362   0.038
亲和力                  36   0.184   0.310   0.033
领导能力                 35   0.179   0.302   0.032
常用办公软件的使用            33   0.168   0.284   0.030
领悟能力                 30   0.153   0.259   0.027
上进心                  28   0.143   0.241   0.025
设计能力                 19   0.097   0.164   0.017
外语基础                 16   0.082   0.138   0.014
人脉资源                 13   0.066   0.112   0.012
应变能力                  9   0.046   0.078   0.008
形象气质佳                 7   0.036   0.060   0.006
审美能力                  5   0.026   0.043   0.005
人际交往                  3   0.015   0.026   0.003
美术能力                  3   0.015   0.026   0.003
自律                    3   0.015   0.026   0.003
关注行业                  2   0.010   0.017   0.002
能出差                   2   0.010   0.017   0.002
total  196
