名称             频数      频率      最高比率    相对比率    
沟通表达能力              381   0.847   1.000   0.143
遵纪守法                302   0.671   0.793   0.114
团队协作能力              276   0.613   0.724   0.104
逻辑思维能力              198   0.440   0.520   0.075
责任心                 176   0.391   0.462   0.066
执行能力                167   0.371   0.438   0.063
抗压能力                165   0.367   0.433   0.062
常用办公软件的使用           141   0.313   0.370   0.053
工作激情                115   0.256   0.302   0.043
专业素质良好              100   0.222   0.262   0.038
领导能力                 78   0.173   0.205   0.029
服务意识                 64   0.142   0.168   0.024
学习能力                 61   0.136   0.160   0.023
创新能力                 54   0.120   0.142   0.020
外语基础                 45   0.100   0.118   0.017
人脉资源                 44   0.098   0.115   0.017
上进心                  43   0.096   0.113   0.016
亲和力                  43   0.096   0.113   0.016
能出差                  41   0.091   0.108   0.015
领悟能力                 35   0.078   0.092   0.013
文案能力                 30   0.067   0.079   0.011
设计能力                 24   0.053   0.063   0.009
应变能力                 18   0.040   0.047   0.007
审美能力                 13   0.029   0.034   0.005
人际交往                 13   0.029   0.034   0.005
自律                    4   0.009   0.010   0.002
美术能力                  3   0.007   0.008   0.001
全局观                   2   0.004   0.005   0.001
形象气质佳                 2   0.004   0.005   0.001
关注行业                  1   0.002   0.003   0.000
total  450
