名称             频数      频率      最高比率    相对比率    
沟通表达能力              360   0.800   1.000   0.118
团队协作能力              301   0.669   0.836   0.098
抗压能力                250   0.556   0.694   0.082
服务意识                211   0.469   0.586   0.069
工作激情                210   0.467   0.583   0.069
遵纪守法                191   0.424   0.531   0.062
亲和力                 176   0.391   0.489   0.057
逻辑思维能力              167   0.371   0.464   0.055
学习能力                148   0.329   0.411   0.048
责任心                 138   0.307   0.383   0.045
执行能力                124   0.276   0.344   0.040
常用办公软件的使用           116   0.258   0.322   0.038
专业素质良好              103   0.229   0.286   0.034
创新能力                102   0.227   0.283   0.033
领悟能力                 73   0.162   0.203   0.024
上进心                  64   0.142   0.178   0.021
形象气质佳                51   0.113   0.142   0.017
人脉资源                 47   0.104   0.131   0.015
应变能力                 43   0.096   0.119   0.014
文案能力                 42   0.093   0.117   0.014
领导能力                 36   0.080   0.100   0.012
能出差                  23   0.051   0.064   0.008
外语基础                 19   0.042   0.053   0.006
自律                   19   0.042   0.053   0.006
人际交往                 16   0.036   0.044   0.005
设计能力                  6   0.013   0.017   0.002
美术能力                  1   0.002   0.003   0.000
total  450
