名称             频数      频率      最高比率    相对比率    
沟通表达能力              359   0.798   1.000   0.117
团队协作能力              297   0.660   0.827   0.097
遵纪守法                212   0.471   0.591   0.069
抗压能力                212   0.471   0.591   0.069
工作激情                197   0.438   0.549   0.064
服务意识                193   0.429   0.538   0.063
逻辑思维能力              183   0.407   0.510   0.059
亲和力                 174   0.387   0.485   0.057
责任心                 158   0.351   0.440   0.051
常用办公软件的使用           152   0.338   0.423   0.049
学习能力                129   0.287   0.359   0.042
执行能力                127   0.282   0.354   0.041
专业素质良好               98   0.218   0.273   0.032
创新能力                 97   0.216   0.270   0.032
领悟能力                 78   0.173   0.217   0.025
文案能力                 73   0.162   0.203   0.024
上进心                  56   0.124   0.156   0.018
形象气质佳                52   0.116   0.145   0.017
应变能力                 40   0.089   0.111   0.013
人脉资源                 39   0.087   0.109   0.013
领导能力                 35   0.078   0.097   0.011
能出差                  33   0.073   0.092   0.011
外语基础                 27   0.060   0.075   0.009
人际交往                 14   0.031   0.039   0.005
自律                   14   0.031   0.039   0.005
设计能力                  3   0.007   0.008   0.001
美术能力                  1   0.002   0.003   0.000
total  450
