名称             频数      频率      最高比率    相对比率    
团队协作能力              403   0.896   1.000   0.129
沟通表达能力              322   0.716   0.799   0.103
领导能力                292   0.649   0.725   0.094
逻辑思维能力              220   0.489   0.546   0.070
创新能力                216   0.480   0.536   0.069
抗压能力                170   0.378   0.422   0.054
专业素质良好              165   0.367   0.409   0.053
执行能力                157   0.349   0.390   0.050
遵纪守法                155   0.344   0.385   0.050
服务意识                148   0.329   0.367   0.047
人脉资源                106   0.236   0.263   0.034
工作激情                101   0.224   0.251   0.032
领悟能力                 97   0.216   0.241   0.031
上进心                  94   0.209   0.233   0.030
责任心                  83   0.184   0.206   0.027
学习能力                 70   0.156   0.174   0.022
亲和力                  52   0.116   0.129   0.017
能出差                  42   0.093   0.104   0.013
应变能力                 41   0.091   0.102   0.013
人际交往                 41   0.091   0.102   0.013
文案能力                 25   0.056   0.062   0.008
形象气质佳                24   0.053   0.060   0.008
自律                   20   0.044   0.050   0.006
外语基础                 19   0.042   0.047   0.006
设计能力                 14   0.031   0.035   0.004
常用办公软件的使用            12   0.027   0.030   0.004
全局观                   2   0.004   0.005   0.001
美术能力                  2   0.004   0.005   0.001
total  450
