名称             频数      频率      最高比率    相对比率    
沟通表达能力              362   0.804   1.000   0.119
团队协作能力              308   0.684   0.851   0.101
抗压能力                261   0.580   0.721   0.086
工作激情                230   0.511   0.635   0.076
服务意识                226   0.502   0.624   0.074
学习能力                182   0.404   0.503   0.060
亲和力                 177   0.393   0.489   0.058
遵纪守法                175   0.389   0.483   0.058
逻辑思维能力              167   0.371   0.461   0.055
创新能力                132   0.293   0.365   0.043
责任心                 121   0.269   0.334   0.040
专业素质良好               95   0.211   0.262   0.031
执行能力                 91   0.202   0.251   0.030
上进心                  73   0.162   0.202   0.024
领悟能力                 69   0.153   0.191   0.023
形象气质佳                58   0.129   0.160   0.019
应变能力                 53   0.118   0.146   0.017
常用办公软件的使用            49   0.109   0.135   0.016
人脉资源                 45   0.100   0.124   0.015
领导能力                 39   0.087   0.108   0.013
外语基础                 19   0.042   0.052   0.006
文案能力                 17   0.038   0.047   0.006
自律                   17   0.038   0.047   0.006
人际交往                 14   0.031   0.039   0.005
设计能力                 10   0.022   0.028   0.003
能出差                  10   0.022   0.028   0.003
美术能力                  2   0.004   0.006   0.001
审美能力                  2   0.004   0.006   0.001
全局观                   1   0.002   0.003   0.000
关注行业                  1   0.002   0.003   0.000
total  450
