名称             频数      频率      最高比率    相对比率    
沟通表达能力               90   0.726   1.000   0.103
团队协作能力               70   0.565   0.778   0.080
遵纪守法                 66   0.532   0.733   0.076
逻辑思维能力               51   0.411   0.567   0.059
文案能力                 50   0.403   0.556   0.057
执行能力                 46   0.371   0.511   0.053
常用办公软件的使用            41   0.331   0.456   0.047
责任心                  41   0.331   0.456   0.047
领导能力                 38   0.306   0.422   0.044
外语基础                 35   0.282   0.389   0.040
人际交往                 33   0.266   0.367   0.038
专业素质良好               33   0.266   0.367   0.038
形象气质佳                32   0.258   0.356   0.037
抗压能力                 31   0.250   0.344   0.036
学习能力                 30   0.242   0.333   0.034
亲和力                  26   0.210   0.289   0.030
能出差                  20   0.161   0.222   0.023
领悟能力                 20   0.161   0.222   0.023
人脉资源                 19   0.153   0.211   0.022
工作激情                 18   0.145   0.200   0.021
创新能力                 17   0.137   0.189   0.020
应变能力                 12   0.097   0.133   0.014
上进心                  10   0.081   0.111   0.011
服务意识                 10   0.081   0.111   0.011
设计能力                  7   0.056   0.078   0.008
自律                    3   0.024   0.033   0.003
美术能力                  3   0.024   0.033   0.003
审美能力                  2   0.016   0.022   0.002
关注行业                  1   0.008   0.011   0.001
total  124
