名称             频数      频率      最高比率    相对比率    
遵纪守法                237   1.281   1.000   0.179
逻辑思维能力              160   0.865   0.675   0.121
领导能力                126   0.681   0.532   0.095
沟通表达能力              118   0.638   0.498   0.089
团队协作能力               98   0.530   0.414   0.074
执行能力                 85   0.459   0.359   0.064
专业素质良好               75   0.405   0.316   0.057
责任心                  70   0.378   0.295   0.053
上进心                  66   0.357   0.278   0.050
常用办公软件的使用            44   0.238   0.186   0.033
抗压能力                 36   0.195   0.152   0.027
创新能力                 32   0.173   0.135   0.024
人脉资源                 28   0.151   0.118   0.021
领悟能力                 25   0.135   0.105   0.019
工作激情                 23   0.124   0.097   0.017
文案能力                 20   0.108   0.084   0.015
设计能力                 14   0.076   0.059   0.011
外语基础                 13   0.070   0.055   0.010
学习能力                 13   0.070   0.055   0.010
应变能力                  9   0.049   0.038   0.007
服务意识                  9   0.049   0.038   0.007
能出差                   4   0.022   0.017   0.003
人际交往                  3   0.016   0.013   0.002
形象气质佳                 2   0.011   0.008   0.002
亲和力                   2   0.011   0.008   0.002
审美能力                  1   0.005   0.004   0.001
自律                    1   0.005   0.004   0.001
total  185
