名称             频数      频率      最高比率    相对比率    
遵纪守法                402   0.893   1.000   0.120
沟通表达能力              360   0.800   0.896   0.108
团队协作能力              349   0.776   0.868   0.104
工作激情                228   0.507   0.567   0.068
执行能力                217   0.482   0.540   0.065
抗压能力                205   0.456   0.510   0.061
逻辑思维能力              178   0.396   0.443   0.053
专业素质良好              177   0.393   0.440   0.053
责任心                 166   0.369   0.413   0.050
亲和力                 164   0.364   0.408   0.049
学习能力                151   0.336   0.376   0.045
领悟能力                136   0.302   0.338   0.041
领导能力                118   0.262   0.294   0.035
服务意识                 74   0.164   0.184   0.022
人脉资源                 60   0.133   0.149   0.018
创新能力                 49   0.109   0.122   0.015
设计能力                 48   0.107   0.119   0.014
常用办公软件的使用            47   0.104   0.117   0.014
自律                   44   0.098   0.109   0.013
上进心                  32   0.071   0.080   0.010
文案能力                 29   0.064   0.072   0.009
应变能力                 25   0.056   0.062   0.007
人际交往                 24   0.053   0.060   0.007
形象气质佳                19   0.042   0.047   0.006
能出差                  14   0.031   0.035   0.004
外语基础                 13   0.029   0.032   0.004
全局观                   3   0.007   0.007   0.001
关注行业                  1   0.002   0.002   0.000
total  450
