名称             频数      频率      最高比率    相对比率    
遵纪守法               6344   0.879   1.000   0.138
沟通表达能力             4914   0.681   0.775   0.107
团队协作能力             3546   0.492   0.559   0.077
逻辑思维能力             3355   0.465   0.529   0.073
常用办公软件的使用          2720   0.377   0.429   0.059
专业素质良好             2633   0.365   0.415   0.057
责任心                2629   0.364   0.414   0.057
执行能力               2297   0.318   0.362   0.050
工作激情               1977   0.274   0.312   0.043
抗压能力               1934   0.268   0.305   0.042
亲和力                1724   0.239   0.272   0.038
领导能力               1522   0.211   0.240   0.033
学习能力               1431   0.198   0.226   0.031
文案能力               1361   0.189   0.215   0.030
服务意识               1142   0.158   0.180   0.025
形象气质佳               871   0.121   0.137   0.019
领悟能力                748   0.104   0.118   0.016
创新能力                704   0.098   0.111   0.015
上进心                 677   0.094   0.107   0.015
设计能力                675   0.094   0.106   0.015
人脉资源                652   0.090   0.103   0.014
外语基础                468   0.065   0.074   0.010
应变能力                335   0.046   0.053   0.007
人际交往                287   0.040   0.045   0.006
能出差                 270   0.037   0.043   0.006
自律                  147   0.020   0.023   0.003
美术能力                 28   0.004   0.004   0.001
审美能力                 26   0.004   0.004   0.001
全局观                  14   0.002   0.002   0.000
关注行业                  9   0.001   0.001   0.000
total  7214
