名称             频数      频率      最高比率    相对比率    
遵纪守法                383   0.851   1.000   0.134
沟通表达能力              333   0.740   0.869   0.117
团队协作能力              224   0.498   0.585   0.078
执行能力                195   0.433   0.509   0.068
逻辑思维能力              174   0.387   0.454   0.061
责任心                 160   0.356   0.418   0.056
常用办公软件的使用           146   0.324   0.381   0.051
工作激情                146   0.324   0.381   0.051
亲和力                 145   0.322   0.379   0.051
抗压能力                139   0.309   0.363   0.049
专业素质良好              130   0.289   0.339   0.046
领导能力                103   0.229   0.269   0.036
学习能力                 70   0.156   0.183   0.025
创新能力                 69   0.153   0.180   0.024
文案能力                 67   0.149   0.175   0.023
领悟能力                 53   0.118   0.138   0.019
服务意识                 49   0.109   0.128   0.017
人脉资源                 44   0.098   0.115   0.015
形象气质佳                38   0.084   0.099   0.013
设计能力                 37   0.082   0.097   0.013
上进心                  35   0.078   0.091   0.012
应变能力                 26   0.058   0.068   0.009
人际交往                 25   0.056   0.065   0.009
外语基础                 16   0.036   0.042   0.006
自律                    8   0.018   0.021   0.003
能出差                   5   0.011   0.013   0.002
关注行业                  1   0.002   0.003   0.000
美术能力                  1   0.002   0.003   0.000
total  450
