名称             频数      频率      最高比率    相对比率    
沟通表达能力              293   0.699   1.000   0.115
遵纪守法                237   0.566   0.809   0.093
常用办公软件的使用           200   0.477   0.683   0.079
团队协作能力              194   0.463   0.662   0.076
责任心                 152   0.363   0.519   0.060
逻辑思维能力              140   0.334   0.478   0.055
工作激情                132   0.315   0.451   0.052
抗压能力                121   0.289   0.413   0.048
执行能力                113   0.270   0.386   0.045
文案能力                106   0.253   0.362   0.042
专业素质良好              104   0.248   0.355   0.041
亲和力                  98   0.234   0.334   0.039
服务意识                 95   0.227   0.324   0.037
学习能力                 93   0.222   0.317   0.037
领导能力                 59   0.141   0.201   0.023
形象气质佳                57   0.136   0.195   0.022
外语基础                 49   0.117   0.167   0.019
创新能力                 37   0.088   0.126   0.015
领悟能力                 34   0.081   0.116   0.013
上进心                  30   0.072   0.102   0.012
人脉资源                 28   0.067   0.096   0.011
人际交往                 28   0.067   0.096   0.011
能出差                  24   0.057   0.082   0.009
应变能力                 23   0.055   0.078   0.009
设计能力                 19   0.045   0.065   0.007
美术能力                 13   0.031   0.044   0.005
自律                   12   0.029   0.041   0.005
审美能力                 10   0.024   0.034   0.004
全局观                   2   0.005   0.007   0.001
total  419
