名称             频数      频率      最高比率    相对比率    
沟通表达能力              174   0.737   1.000   0.116
团队协作能力              135   0.572   0.776   0.090
逻辑思维能力              118   0.500   0.678   0.079
专业素质良好               99   0.419   0.569   0.066
领导能力                 88   0.373   0.506   0.059
设计能力                 88   0.373   0.506   0.059
执行能力                 87   0.369   0.500   0.058
学习能力                 78   0.331   0.448   0.052
文案能力                 74   0.314   0.425   0.049
亲和力                  66   0.280   0.379   0.044
常用办公软件的使用            63   0.267   0.362   0.042
抗压能力                 58   0.246   0.333   0.039
责任心                  55   0.233   0.316   0.037
遵纪守法                 54   0.229   0.310   0.036
创新能力                 45   0.191   0.259   0.030
服务意识                 45   0.191   0.259   0.030
工作激情                 42   0.178   0.241   0.028
人脉资源                 25   0.106   0.144   0.017
形象气质佳                23   0.097   0.132   0.015
能出差                  22   0.093   0.126   0.015
领悟能力                 19   0.081   0.109   0.013
上进心                  17   0.072   0.098   0.011
外语基础                 10   0.042   0.057   0.007
应变能力                  5   0.021   0.029   0.003
人际交往                  1   0.004   0.006   0.001
自律                    1   0.004   0.006   0.001
total  236
