名称             频数      频率      最高比率    相对比率    
沟通表达能力               48   0.738   1.000   0.102
遵纪守法                 35   0.538   0.729   0.074
文案能力                 32   0.492   0.667   0.068
团队协作能力               32   0.492   0.667   0.068
逻辑思维能力               32   0.492   0.667   0.068
常用办公软件的使用            27   0.415   0.562   0.057
亲和力                  22   0.338   0.458   0.047
人际交往                 20   0.308   0.417   0.042
执行能力                 20   0.308   0.417   0.042
专业素质良好               20   0.308   0.417   0.042
形象气质佳                19   0.292   0.396   0.040
领悟能力                 17   0.262   0.354   0.036
外语基础                 16   0.246   0.333   0.034
领导能力                 16   0.246   0.333   0.034
工作激情                 16   0.246   0.333   0.034
服务意识                 16   0.246   0.333   0.034
责任心                  16   0.246   0.333   0.034
抗压能力                 11   0.169   0.229   0.023
学习能力                 10   0.154   0.208   0.021
创新能力                  8   0.123   0.167   0.017
人脉资源                  8   0.123   0.167   0.017
上进心                   6   0.092   0.125   0.013
能出差                   6   0.092   0.125   0.013
应变能力                  5   0.077   0.104   0.011
设计能力                  3   0.046   0.062   0.006
自律                    2   0.031   0.042   0.004
关注行业                  1   0.015   0.021   0.002
total  65
