名称             频数      频率      最高比率    相对比率    
沟通表达能力              354   0.787   1.000   0.120
逻辑思维能力              279   0.620   0.788   0.094
遵纪守法                231   0.513   0.653   0.078
团队协作能力              231   0.513   0.653   0.078
抗压能力                212   0.471   0.599   0.072
工作激情                191   0.424   0.540   0.065
执行能力                161   0.358   0.455   0.055
亲和力                 147   0.327   0.415   0.050
专业素质良好              146   0.324   0.412   0.049
责任心                 136   0.302   0.384   0.046
创新能力                130   0.289   0.367   0.044
人脉资源                111   0.247   0.314   0.038
领悟能力                 90   0.200   0.254   0.030
常用办公软件的使用            82   0.182   0.232   0.028
学习能力                 76   0.169   0.215   0.026
文案能力                 65   0.144   0.184   0.022
领导能力                 60   0.133   0.169   0.020
上进心                  56   0.124   0.158   0.019
服务意识                 47   0.104   0.133   0.016
形象气质佳                30   0.067   0.085   0.010
设计能力                 26   0.058   0.073   0.009
应变能力                 20   0.044   0.056   0.007
人际交往                 20   0.044   0.056   0.007
自律                   10   0.022   0.028   0.003
外语基础                  9   0.020   0.025   0.003
能出差                   5   0.011   0.014   0.002
美术能力                  2   0.004   0.006   0.001
关注行业                  1   0.002   0.003   0.000
total  450
