名称             频数      频率      最高比率    相对比率    
遵纪守法                621   1.479   1.000   0.217
沟通表达能力              333   0.793   0.536   0.116
逻辑思维能力              249   0.593   0.401   0.087
专业素质良好              241   0.574   0.388   0.084
文案能力                183   0.436   0.295   0.064
团队协作能力              177   0.421   0.285   0.062
责任心                 138   0.329   0.222   0.048
抗压能力                116   0.276   0.187   0.041
执行能力                 92   0.219   0.148   0.032
领导能力                 86   0.205   0.138   0.030
工作激情                 83   0.198   0.134   0.029
服务意识                 75   0.179   0.121   0.026
学习能力                 59   0.140   0.095   0.021
外语基础                 57   0.136   0.092   0.020
应变能力                 56   0.133   0.090   0.020
设计能力                 47   0.112   0.076   0.016
常用办公软件的使用            44   0.105   0.071   0.015
亲和力                  35   0.083   0.056   0.012
人脉资源                 34   0.081   0.055   0.012
上进心                  31   0.074   0.050   0.011
创新能力                 27   0.064   0.043   0.009
领悟能力                 22   0.052   0.035   0.008
人际交往                 19   0.045   0.031   0.007
能出差                  14   0.033   0.023   0.005
自律                    8   0.019   0.013   0.003
total  420
