名称             频数      频率      最高比率    相对比率    
遵纪守法                217   1.173   1.000   0.172
沟通表达能力              151   0.816   0.696   0.120
逻辑思维能力              105   0.568   0.484   0.083
团队协作能力              104   0.562   0.479   0.082
责任心                  70   0.378   0.323   0.056
常用办公软件的使用            68   0.368   0.313   0.054
领导能力                 66   0.357   0.304   0.052
专业素质良好               63   0.341   0.290   0.050
抗压能力                 57   0.308   0.263   0.045
学习能力                 55   0.297   0.253   0.044
执行能力                 55   0.297   0.253   0.044
工作激情                 35   0.189   0.161   0.028
上进心                  33   0.178   0.152   0.026
文案能力                 28   0.151   0.129   0.022
服务意识                 25   0.135   0.115   0.020
人脉资源                 18   0.097   0.083   0.014
创新能力                 15   0.081   0.069   0.012
设计能力                 15   0.081   0.069   0.012
外语基础                 14   0.076   0.065   0.011
领悟能力                 13   0.070   0.060   0.010
能出差                  12   0.065   0.055   0.010
亲和力                  12   0.065   0.055   0.010
人际交往                  8   0.043   0.037   0.006
应变能力                  7   0.038   0.032   0.006
形象气质佳                 7   0.038   0.032   0.006
自律                    5   0.027   0.023   0.004
total  185
