名称             频数      频率      最高比率    相对比率    
沟通表达能力              173   0.678   1.000   0.111
遵纪守法                165   0.647   0.954   0.106
团队协作能力              161   0.631   0.931   0.103
逻辑思维能力              152   0.596   0.879   0.098
常用办公软件的使用           116   0.455   0.671   0.075
责任心                 116   0.455   0.671   0.075
抗压能力                101   0.396   0.584   0.065
专业素质良好               99   0.388   0.572   0.064
工作激情                 79   0.310   0.457   0.051
设计能力                 69   0.271   0.399   0.044
执行能力                 53   0.208   0.306   0.034
学习能力                 49   0.192   0.283   0.031
服务意识                 36   0.141   0.208   0.023
文案能力                 29   0.114   0.168   0.019
领导能力                 27   0.106   0.156   0.017
领悟能力                 27   0.106   0.156   0.017
人脉资源                 19   0.075   0.110   0.012
创新能力                 16   0.063   0.092   0.010
外语基础                 16   0.063   0.092   0.010
亲和力                  13   0.051   0.075   0.008
上进心                  10   0.039   0.058   0.006
应变能力                  8   0.031   0.046   0.005
自律                    3   0.012   0.017   0.002
人际交往                  2   0.008   0.012   0.001
审美能力                  2   0.008   0.012   0.001
能出差                   2   0.008   0.012   0.001
关注行业                  1   0.004   0.006   0.001
total  255
