名称             频数      频率      最高比率    相对比率    
遵纪守法                 21   1.000   1.000   0.191
逻辑思维能力               13   0.619   0.619   0.118
沟通表达能力               11   0.524   0.524   0.100
常用办公软件的使用             9   0.429   0.429   0.082
执行能力                  8   0.381   0.381   0.073
领导能力                  7   0.333   0.333   0.064
专业素质良好                7   0.333   0.333   0.064
责任心                   6   0.286   0.286   0.055
设计能力                  5   0.238   0.238   0.045
文案能力                  4   0.190   0.190   0.036
团队协作能力                4   0.190   0.190   0.036
抗压能力                  3   0.143   0.143   0.027
形象气质佳                 2   0.095   0.095   0.018
学习能力                  1   0.048   0.048   0.009
应变能力                  1   0.048   0.048   0.009
工作激情                  1   0.048   0.048   0.009
领悟能力                  1   0.048   0.048   0.009
人脉资源                  1   0.048   0.048   0.009
人际交往                  1   0.048   0.048   0.009
亲和力                   1   0.048   0.048   0.009
total  21
