名称             频数      频率      最高比率    相对比率    
遵纪守法                  9   1.500   1.000   0.153
常用办公软件的使用             6   1.000   0.667   0.102
逻辑思维能力                6   1.000   0.667   0.102
沟通表达能力                6   1.000   0.667   0.102
执行能力                  4   0.667   0.444   0.068
团队协作能力                4   0.667   0.444   0.068
责任心                   4   0.667   0.444   0.068
学习能力                  3   0.500   0.333   0.051
领导能力                  3   0.500   0.333   0.051
专业素质良好                3   0.500   0.333   0.051
文案能力                  2   0.333   0.222   0.034
服务意识                  2   0.333   0.222   0.034
抗压能力                  2   0.333   0.222   0.034
工作激情                  1   0.167   0.111   0.017
人际交往                  1   0.167   0.111   0.017
外语基础                  1   0.167   0.111   0.017
上进心                   1   0.167   0.111   0.017
设计能力                  1   0.167   0.111   0.017
total  6
