名称             频数      频率      最高比率    相对比率    
遵纪守法                 36   0.878   1.000   0.112
团队协作能力               35   0.854   0.972   0.109
沟通表达能力               33   0.805   0.917   0.103
领导能力                 28   0.683   0.778   0.087
执行能力                 26   0.634   0.722   0.081
责任心                  23   0.561   0.639   0.072
亲和力                  18   0.439   0.500   0.056
逻辑思维能力               17   0.415   0.472   0.053
专业素质良好               17   0.415   0.472   0.053
人际交往                 13   0.317   0.361   0.040
抗压能力                  9   0.220   0.250   0.028
工作激情                  8   0.195   0.222   0.025
常用办公软件的使用             8   0.195   0.222   0.025
服务意识                  8   0.195   0.222   0.025
设计能力                  7   0.171   0.194   0.022
文案能力                  6   0.146   0.167   0.019
形象气质佳                 6   0.146   0.167   0.019
人脉资源                  6   0.146   0.167   0.019
创新能力                  4   0.098   0.111   0.012
学习能力                  4   0.098   0.111   0.012
上进心                   3   0.073   0.083   0.009
领悟能力                  2   0.049   0.056   0.006
应变能力                  1   0.024   0.028   0.003
外语基础                  1   0.024   0.028   0.003
审美能力                  1   0.024   0.028   0.003
total  41
