名称             频数      频率      最高比率    相对比率    
沟通表达能力              317   0.729   1.000   0.112
常用办公软件的使用           286   0.657   0.902   0.101
遵纪守法                267   0.614   0.842   0.094
亲和力                 255   0.586   0.804   0.090
形象气质佳               244   0.561   0.770   0.086
责任心                 207   0.476   0.653   0.073
服务意识                176   0.405   0.555   0.062
团队协作能力              166   0.382   0.524   0.059
工作激情                162   0.372   0.511   0.057
执行能力                133   0.306   0.420   0.047
专业素质良好               81   0.186   0.256   0.029
抗压能力                 80   0.184   0.252   0.028
文案能力                 65   0.149   0.205   0.023
逻辑思维能力               57   0.131   0.180   0.020
学习能力                 53   0.122   0.167   0.019
领导能力                 52   0.120   0.164   0.018
能出差                  29   0.067   0.091   0.010
创新能力                 28   0.064   0.088   0.010
人际交往                 26   0.060   0.082   0.009
应变能力                 25   0.057   0.079   0.009
上进心                  24   0.055   0.076   0.008
外语基础                 20   0.046   0.063   0.007
领悟能力                 18   0.041   0.057   0.006
人脉资源                 11   0.025   0.035   0.004
全局观                   9   0.021   0.028   0.003
自律                    6   0.014   0.019   0.002
美术能力                  4   0.009   0.013   0.001
设计能力                  2   0.005   0.006   0.001
审美能力                  1   0.002   0.003   0.000
total  435
