名称             频数      频率      最高比率    相对比率    
遵纪守法                497   1.143   1.000   0.183
沟通表达能力              261   0.600   0.525   0.096
逻辑思维能力              248   0.570   0.499   0.091
常用办公软件的使用           223   0.513   0.449   0.082
团队协作能力              221   0.508   0.445   0.082
专业素质良好              209   0.480   0.421   0.077
责任心                 163   0.375   0.328   0.060
执行能力                127   0.292   0.256   0.047
抗压能力                121   0.278   0.243   0.045
领导能力                113   0.260   0.227   0.042
学习能力                112   0.257   0.225   0.041
工作激情                 91   0.209   0.183   0.034
上进心                  51   0.117   0.103   0.019
领悟能力                 32   0.074   0.064   0.012
创新能力                 30   0.069   0.060   0.011
人脉资源                 28   0.064   0.056   0.010
服务意识                 28   0.064   0.056   0.010
文案能力                 26   0.060   0.052   0.010
外语基础                 26   0.060   0.052   0.010
亲和力                  20   0.046   0.040   0.007
设计能力                 16   0.037   0.032   0.006
应变能力                 11   0.025   0.022   0.004
能出差                   8   0.018   0.016   0.003
人际交往                  5   0.011   0.010   0.002
自律                    5   0.011   0.010   0.002
形象气质佳                 2   0.005   0.004   0.001
审美能力                  1   0.002   0.002   0.000
total  435
