名称             频数      频率      最高比率    相对比率    
逻辑思维能力             2908   0.677   1.000   0.105
沟通表达能力             2833   0.660   0.974   0.102
遵纪守法               2755   0.641   0.947   0.099
团队协作能力             2327   0.542   0.800   0.084
专业素质良好             1828   0.426   0.629   0.066
文案能力               1412   0.329   0.486   0.051
学习能力               1139   0.265   0.392   0.041
抗压能力               1067   0.248   0.367   0.039
执行能力               1050   0.244   0.361   0.038
责任心                1040   0.242   0.358   0.038
工作激情                990   0.231   0.340   0.036
设计能力                965   0.225   0.332   0.035
常用办公软件的使用           963   0.224   0.331   0.035
人脉资源                850   0.198   0.292   0.031
领悟能力                772   0.180   0.265   0.028
服务意识                763   0.178   0.262   0.028
领导能力                744   0.173   0.256   0.027
创新能力                670   0.156   0.230   0.024
上进心                 622   0.145   0.214   0.022
亲和力                 461   0.107   0.159   0.017
外语基础                321   0.075   0.110   0.012
人际交往                256   0.060   0.088   0.009
能出差                 198   0.046   0.068   0.007
应变能力                179   0.042   0.062   0.006
形象气质佳               158   0.037   0.054   0.006
自律                   88   0.020   0.030   0.003
美术能力                 31   0.007   0.011   0.001
关注行业                 14   0.003   0.005   0.001
审美能力                 14   0.003   0.005   0.001
total  4295
