名称             频数      频率      最高比率    相对比率    
沟通表达能力               99   0.750   1.000   0.118
服务意识                 90   0.682   0.909   0.107
团队协作能力               84   0.636   0.848   0.100
逻辑思维能力               60   0.455   0.606   0.071
工作激情                 50   0.379   0.505   0.059
学习能力                 48   0.364   0.485   0.057
遵纪守法                 47   0.356   0.475   0.056
创新能力                 44   0.333   0.444   0.052
责任心                  37   0.280   0.374   0.044
专业素质良好               35   0.265   0.354   0.042
抗压能力                 34   0.258   0.343   0.040
人脉资源                 32   0.242   0.323   0.038
亲和力                  31   0.235   0.313   0.037
领导能力                 23   0.174   0.232   0.027
人际交往                 20   0.152   0.202   0.024
领悟能力                 18   0.136   0.182   0.021
上进心                  14   0.106   0.141   0.017
应变能力                 13   0.098   0.131   0.015
形象气质佳                13   0.098   0.131   0.015
文案能力                 10   0.076   0.101   0.012
执行能力                 10   0.076   0.101   0.012
常用办公软件的使用             9   0.068   0.091   0.011
设计能力                  8   0.061   0.081   0.010
自律                    4   0.030   0.040   0.005
审美能力                  1   0.008   0.010   0.001
total  132
