名称             频数      频率      最高比率    相对比率    
人脉资源                 15   0.882   1.000   0.130
团队协作能力               15   0.882   1.000   0.130
沟通表达能力               13   0.765   0.867   0.113
设计能力                 11   0.647   0.733   0.096
逻辑思维能力               10   0.588   0.667   0.087
抗压能力                 10   0.588   0.667   0.087
遵纪守法                  7   0.412   0.467   0.061
工作激情                  6   0.353   0.400   0.052
创新能力                  5   0.294   0.333   0.043
文案能力                  5   0.294   0.333   0.043
能出差                   4   0.235   0.267   0.035
专业素质良好                4   0.235   0.267   0.035
领导能力                  3   0.176   0.200   0.026
执行能力                  2   0.118   0.133   0.017
上进心                   1   0.059   0.067   0.009
外语基础                  1   0.059   0.067   0.009
亲和力                   1   0.059   0.067   0.009
领悟能力                  1   0.059   0.067   0.009
责任心                   1   0.059   0.067   0.009
total  17
