名称             频数      频率      最高比率    相对比率    
沟通表达能力              155   0.721   1.000   0.112
团队协作能力              149   0.693   0.961   0.108
遵纪守法                119   0.553   0.768   0.086
逻辑思维能力              118   0.549   0.761   0.086
人脉资源                 86   0.400   0.555   0.062
文案能力                 82   0.381   0.529   0.059
创新能力                 74   0.344   0.477   0.054
专业素质良好               72   0.335   0.465   0.052
设计能力                 66   0.307   0.426   0.048
抗压能力                 56   0.260   0.361   0.041
工作激情                 47   0.219   0.303   0.034
执行能力                 47   0.219   0.303   0.034
服务意识                 39   0.181   0.252   0.028
领导能力                 38   0.177   0.245   0.028
责任心                  33   0.153   0.213   0.024
学习能力                 29   0.135   0.187   0.021
领悟能力                 26   0.121   0.168   0.019
上进心                  24   0.112   0.155   0.017
能出差                  20   0.093   0.129   0.015
常用办公软件的使用            19   0.088   0.123   0.014
外语基础                 17   0.079   0.110   0.012
人际交往                 15   0.070   0.097   0.011
亲和力                  14   0.065   0.090   0.010
形象气质佳                12   0.056   0.077   0.009
应变能力                  8   0.037   0.052   0.006
自律                    2   0.009   0.013   0.001
审美能力                  1   0.005   0.006   0.001
total  215
