名称             频数      频率      最高比率    相对比率    
沟通表达能力              347   0.771   1.000   0.114
逻辑思维能力              291   0.647   0.839   0.096
团队协作能力              259   0.576   0.746   0.085
遵纪守法                210   0.467   0.605   0.069
专业素质良好              167   0.371   0.481   0.055
文案能力                153   0.340   0.441   0.050
人脉资源                151   0.336   0.435   0.050
工作激情                142   0.316   0.409   0.047
抗压能力                136   0.302   0.392   0.045
学习能力                124   0.276   0.357   0.041
服务意识                124   0.276   0.357   0.041
执行能力                116   0.258   0.334   0.038
领悟能力                102   0.227   0.294   0.034
设计能力                 97   0.216   0.280   0.032
创新能力                 91   0.202   0.262   0.030
责任心                  83   0.184   0.239   0.027
上进心                  79   0.176   0.228   0.026
领导能力                 76   0.169   0.219   0.025
亲和力                  62   0.138   0.179   0.020
常用办公软件的使用            47   0.104   0.135   0.015
外语基础                 43   0.096   0.124   0.014
能出差                  27   0.060   0.078   0.009
人际交往                 23   0.051   0.066   0.008
应变能力                 17   0.038   0.049   0.006
形象气质佳                15   0.033   0.043   0.005
自律                    7   0.016   0.020   0.002
审美能力                  5   0.011   0.014   0.002
美术能力                  4   0.009   0.012   0.001
关注行业                  2   0.004   0.006   0.001
total  450
