名称             频数      频率      最高比率    相对比率    
遵纪守法                124   0.721   1.000   0.117
沟通表达能力              117   0.680   0.944   0.110
逻辑思维能力              110   0.640   0.887   0.104
文案能力                 87   0.506   0.702   0.082
团队协作能力               80   0.465   0.645   0.075
专业素质良好               80   0.465   0.645   0.075
执行能力                 69   0.401   0.556   0.065
学习能力                 45   0.262   0.363   0.042
抗压能力                 42   0.244   0.339   0.040
领导能力                 39   0.227   0.315   0.037
常用办公软件的使用            36   0.209   0.290   0.034
责任心                  36   0.209   0.290   0.034
工作激情                 34   0.198   0.274   0.032
设计能力                 31   0.180   0.250   0.029
能出差                  23   0.134   0.185   0.022
人脉资源                 18   0.105   0.145   0.017
领悟能力                 18   0.105   0.145   0.017
外语基础                 13   0.076   0.105   0.012
上进心                  12   0.070   0.097   0.011
服务意识                 12   0.070   0.097   0.011
亲和力                   7   0.041   0.056   0.007
创新能力                  6   0.035   0.048   0.006
自律                    5   0.029   0.040   0.005
应变能力                  3   0.017   0.024   0.003
形象气质佳                 2   0.012   0.016   0.002
关注行业                  1   0.006   0.008   0.001
total  172
