名称             频数      频率      最高比率    相对比率    
沟通表达能力               77   0.748   1.000   0.110
团队协作能力               66   0.641   0.857   0.094
逻辑思维能力               66   0.641   0.857   0.094
遵纪守法                 43   0.417   0.558   0.061
学习能力                 41   0.398   0.532   0.058
人脉资源                 37   0.359   0.481   0.053
工作激情                 37   0.359   0.481   0.053
抗压能力                 35   0.340   0.455   0.050
专业素质良好               34   0.330   0.442   0.049
领悟能力                 32   0.311   0.416   0.046
文案能力                 27   0.262   0.351   0.039
执行能力                 24   0.233   0.312   0.034
服务意识                 24   0.233   0.312   0.034
亲和力                  22   0.214   0.286   0.031
创新能力                 21   0.204   0.273   0.030
设计能力                 20   0.194   0.260   0.029
责任心                  18   0.175   0.234   0.026
常用办公软件的使用            15   0.146   0.195   0.021
领导能力                 14   0.136   0.182   0.020
上进心                  11   0.107   0.143   0.016
能出差                   7   0.068   0.091   0.010
人际交往                  6   0.058   0.078   0.009
外语基础                  6   0.058   0.078   0.009
应变能力                  2   0.019   0.026   0.003
美术能力                  2   0.019   0.026   0.003
形象气质佳                 2   0.019   0.026   0.003
审美能力                  2   0.019   0.026   0.003
total  103
