名称             频数      频率      最高比率    相对比率    
逻辑思维能力              392   0.871   1.000   0.146
沟通表达能力              278   0.618   0.709   0.103
团队协作能力              241   0.536   0.615   0.090
常用办公软件的使用           205   0.456   0.523   0.076
专业素质良好              203   0.451   0.518   0.075
文案能力                152   0.338   0.388   0.056
领悟能力                151   0.336   0.385   0.056
学习能力                146   0.324   0.372   0.054
设计能力                110   0.244   0.281   0.041
上进心                  89   0.198   0.227   0.033
遵纪守法                 82   0.182   0.209   0.030
执行能力                 80   0.178   0.204   0.030
责任心                  79   0.176   0.202   0.029
抗压能力                 78   0.173   0.199   0.029
工作激情                 76   0.169   0.194   0.028
人脉资源                 70   0.156   0.179   0.026
领导能力                 61   0.136   0.156   0.023
创新能力                 48   0.107   0.122   0.018
服务意识                 44   0.098   0.112   0.016
外语基础                 21   0.047   0.054   0.008
自律                   19   0.042   0.048   0.007
应变能力                 10   0.022   0.026   0.004
能出差                   9   0.020   0.023   0.003
亲和力                   6   0.013   0.015   0.002
人际交往                  2   0.004   0.005   0.001
关注行业                  2   0.004   0.005   0.001
形象气质佳                 1   0.002   0.003   0.000
美术能力                  1   0.002   0.003   0.000
total  450
