名称             频数      频率      最高比率    相对比率    
遵纪守法                414   0.920   1.000   0.147
逻辑思维能力              372   0.827   0.899   0.132
团队协作能力              252   0.560   0.609   0.089
沟通表达能力              238   0.529   0.575   0.084
专业素质良好              186   0.413   0.449   0.066
设计能力                168   0.373   0.406   0.060
领导能力                124   0.276   0.300   0.044
文案能力                118   0.262   0.285   0.042
执行能力                118   0.262   0.285   0.042
责任心                 118   0.262   0.285   0.042
学习能力                102   0.227   0.246   0.036
常用办公软件的使用            89   0.198   0.215   0.032
工作激情                 84   0.187   0.203   0.030
抗压能力                 82   0.182   0.198   0.029
人脉资源                 67   0.149   0.162   0.024
上进心                  54   0.120   0.130   0.019
领悟能力                 53   0.118   0.128   0.019
创新能力                 48   0.107   0.116   0.017
服务意识                 47   0.104   0.114   0.017
能出差                  18   0.040   0.043   0.006
亲和力                  17   0.038   0.041   0.006
自律                   12   0.027   0.029   0.004
应变能力                  9   0.020   0.022   0.003
外语基础                  8   0.018   0.019   0.003
形象气质佳                 2   0.004   0.005   0.001
人际交往                  1   0.002   0.002   0.000
关注行业                  1   0.002   0.002   0.000
美术能力                  1   0.002   0.002   0.000
total  450
