名称             频数      频率      最高比率    相对比率    
设计能力               3395   0.749   1.000   0.108
逻辑思维能力             3239   0.715   0.954   0.103
沟通表达能力             3186   0.703   0.938   0.101
团队协作能力             2917   0.644   0.859   0.092
专业素质良好             1828   0.403   0.538   0.058
文案能力               1630   0.360   0.480   0.052
创新能力               1497   0.330   0.441   0.047
领悟能力               1425   0.315   0.420   0.045
抗压能力               1278   0.282   0.376   0.040
执行能力               1224   0.270   0.361   0.039
责任心                1199   0.265   0.353   0.038
工作激情               1123   0.248   0.331   0.036
学习能力               1044   0.230   0.308   0.033
常用办公软件的使用          1028   0.227   0.303   0.033
领导能力               1005   0.222   0.296   0.032
美术能力                878   0.194   0.259   0.028
遵纪守法                699   0.154   0.206   0.022
上进心                 590   0.130   0.174   0.019
服务意识                459   0.101   0.135   0.015
人脉资源                418   0.092   0.123   0.013
审美能力                312   0.069   0.092   0.010
亲和力                 232   0.051   0.068   0.007
外语基础                189   0.042   0.056   0.006
自律                  174   0.038   0.051   0.006
形象气质佳                77   0.017   0.023   0.002
应变能力                 74   0.016   0.022   0.002
能出差                  61   0.013   0.018   0.002
关注行业                 48   0.011   0.014   0.002
人际交往                 26   0.006   0.008   0.001
全局观                  19   0.004   0.006   0.001
total  4531
