名称             频数      频率      最高比率    相对比率    
逻辑思维能力              373   0.829   1.000   0.113
团队协作能力              358   0.796   0.960   0.109
设计能力                343   0.762   0.920   0.104
沟通表达能力              317   0.704   0.850   0.096
领导能力                221   0.491   0.592   0.067
创新能力                215   0.478   0.576   0.065
领悟能力                197   0.438   0.528   0.060
专业素质良好              171   0.380   0.458   0.052
执行能力                159   0.353   0.426   0.048
文案能力                140   0.311   0.375   0.043
抗压能力                123   0.273   0.330   0.037
工作激情                100   0.222   0.268   0.030
责任心                  81   0.180   0.217   0.025
人脉资源                 75   0.167   0.201   0.023
上进心                  72   0.160   0.193   0.022
学习能力                 71   0.158   0.190   0.022
遵纪守法                 70   0.156   0.188   0.021
服务意识                 49   0.109   0.131   0.015
常用办公软件的使用            26   0.058   0.070   0.008
自律                   25   0.056   0.067   0.008
美术能力                 16   0.036   0.043   0.005
外语基础                 11   0.024   0.029   0.003
亲和力                   9   0.020   0.024   0.003
审美能力                  7   0.016   0.019   0.002
应变能力                  6   0.013   0.016   0.002
形象气质佳                 5   0.011   0.013   0.002
关注行业                  5   0.011   0.013   0.002
全局观                   4   0.009   0.011   0.001
能出差                   4   0.009   0.011   0.001
人际交往                  1   0.002   0.003   0.000
total  450
