名称             频数      频率      最高比率    相对比率    
逻辑思维能力              361   0.802   1.000   0.115
沟通表达能力              345   0.767   0.956   0.110
设计能力                318   0.707   0.881   0.101
团队协作能力              304   0.676   0.842   0.097
文案能力                177   0.393   0.490   0.056
专业素质良好              170   0.378   0.471   0.054
创新能力                154   0.342   0.427   0.049
执行能力                142   0.316   0.393   0.045
抗压能力                133   0.296   0.368   0.042
领导能力                129   0.287   0.357   0.041
领悟能力                127   0.282   0.352   0.040
学习能力                113   0.251   0.313   0.036
责任心                 113   0.251   0.313   0.036
工作激情                104   0.231   0.288   0.033
遵纪守法                 77   0.171   0.213   0.025
常用办公软件的使用            64   0.142   0.177   0.020
上进心                  59   0.131   0.163   0.019
服务意识                 51   0.113   0.141   0.016
人脉资源                 44   0.098   0.122   0.014
亲和力                  29   0.064   0.080   0.009
外语基础                 22   0.049   0.061   0.007
自律                   17   0.038   0.047   0.005
美术能力                 12   0.027   0.033   0.004
应变能力                 11   0.024   0.030   0.004
审美能力                 10   0.022   0.028   0.003
形象气质佳                 6   0.013   0.017   0.002
关注行业                  5   0.011   0.014   0.002
能出差                   5   0.011   0.014   0.002
人际交往                  4   0.009   0.011   0.001
全局观                   1   0.002   0.003   0.000
total  450
