名称             频数      频率      最高比率    相对比率    
逻辑思维能力              350   0.805   1.000   0.113
沟通表达能力              325   0.747   0.929   0.105
设计能力                305   0.701   0.871   0.099
团队协作能力              265   0.609   0.757   0.086
文案能力                240   0.552   0.686   0.078
专业素质良好              143   0.329   0.409   0.046
常用办公软件的使用           141   0.324   0.403   0.046
学习能力                135   0.310   0.386   0.044
责任心                 131   0.301   0.374   0.042
执行能力                125   0.287   0.357   0.040
工作激情                122   0.280   0.349   0.039
抗压能力                117   0.269   0.334   0.038
领悟能力                113   0.260   0.323   0.037
创新能力                101   0.232   0.289   0.033
遵纪守法                 94   0.216   0.269   0.030
上进心                  51   0.117   0.146   0.016
亲和力                  49   0.113   0.140   0.016
领导能力                 47   0.108   0.134   0.015
服务意识                 47   0.108   0.134   0.015
外语基础                 40   0.092   0.114   0.013
人脉资源                 31   0.071   0.089   0.010
审美能力                 18   0.041   0.051   0.006
自律                   17   0.039   0.049   0.005
能出差                  17   0.039   0.049   0.005
美术能力                 16   0.037   0.046   0.005
应变能力                 14   0.032   0.040   0.005
关注行业                  6   0.014   0.017   0.002
形象气质佳                 3   0.007   0.009   0.001
全局观                   2   0.005   0.006   0.001
人际交往                  1   0.002   0.003   0.000
total  435
