名称             频数      频率      最高比率    相对比率    
逻辑思维能力               39   0.542   1.000   0.107
设计能力                 36   0.500   0.923   0.098
沟通表达能力               35   0.486   0.897   0.096
团队协作能力               31   0.431   0.795   0.085
专业素质良好               29   0.403   0.744   0.079
文案能力                 19   0.264   0.487   0.052
工作激情                 16   0.222   0.410   0.044
领悟能力                 15   0.208   0.385   0.041
学习能力                 14   0.194   0.359   0.038
执行能力                 14   0.194   0.359   0.038
常用办公软件的使用            14   0.194   0.359   0.038
上进心                  12   0.167   0.308   0.033
遵纪守法                 12   0.167   0.308   0.033
领导能力                 12   0.167   0.308   0.033
抗压能力                 11   0.153   0.282   0.030
责任心                  11   0.153   0.282   0.030
创新能力                  9   0.125   0.231   0.025
服务意识                  7   0.097   0.179   0.019
人脉资源                  5   0.069   0.128   0.014
外语基础                  4   0.056   0.103   0.011
美术能力                  3   0.042   0.077   0.008
亲和力                   3   0.042   0.077   0.008
关注行业                  2   0.028   0.051   0.005
自律                    2   0.028   0.051   0.005
形象气质佳                 1   0.014   0.026   0.003
total  72
