名称             频数      频率      最高比率    相对比率    
沟通表达能力              261   0.580   1.000   0.098
团队协作能力              260   0.578   0.996   0.097
设计能力                216   0.480   0.828   0.081
逻辑思维能力              207   0.460   0.793   0.077
专业素质良好              183   0.407   0.701   0.069
美术能力                179   0.398   0.686   0.067
责任心                 123   0.273   0.471   0.046
抗压能力                112   0.249   0.429   0.042
创新能力                108   0.240   0.414   0.040
工作激情                101   0.224   0.387   0.038
常用办公软件的使用            94   0.209   0.360   0.035
学习能力                 91   0.202   0.349   0.034
文案能力                 87   0.193   0.333   0.033
执行能力                 86   0.191   0.330   0.032
领悟能力                 86   0.191   0.330   0.032
遵纪守法                 83   0.184   0.318   0.031
服务意识                 76   0.169   0.291   0.028
领导能力                 67   0.149   0.257   0.025
上进心                  55   0.122   0.211   0.021
亲和力                  44   0.098   0.169   0.016
人脉资源                 29   0.064   0.111   0.011
审美能力                 28   0.062   0.107   0.010
外语基础                 17   0.038   0.065   0.006
人际交往                 10   0.022   0.038   0.004
形象气质佳                10   0.022   0.038   0.004
自律                    9   0.020   0.034   0.003
应变能力                  8   0.018   0.031   0.003
能出差                   6   0.013   0.023   0.002
关注行业                  2   0.004   0.008   0.001
total  450
