名称             频数      频率      最高比率    相对比率    
逻辑思维能力              363   0.834   1.000   0.118
设计能力                331   0.761   0.912   0.108
沟通表达能力              321   0.738   0.884   0.105
团队协作能力              283   0.651   0.780   0.092
文案能力                175   0.402   0.482   0.057
专业素质良好              167   0.384   0.460   0.055
抗压能力                154   0.354   0.424   0.050
领悟能力                151   0.347   0.416   0.049
领导能力                133   0.306   0.366   0.043
责任心                 125   0.287   0.344   0.041
创新能力                122   0.280   0.336   0.040
执行能力                121   0.278   0.333   0.039
工作激情                107   0.246   0.295   0.035
学习能力                 97   0.223   0.267   0.032
常用办公软件的使用            67   0.154   0.185   0.022
上进心                  64   0.147   0.176   0.021
人脉资源                 46   0.106   0.127   0.015
遵纪守法                 43   0.099   0.118   0.014
服务意识                 37   0.085   0.102   0.012
外语基础                 25   0.057   0.069   0.008
审美能力                 22   0.051   0.061   0.007
亲和力                  20   0.046   0.055   0.007
美术能力                 16   0.037   0.044   0.005
自律                   16   0.037   0.044   0.005
关注行业                  7   0.016   0.019   0.002
人际交往                  5   0.011   0.014   0.002
形象气质佳                 5   0.011   0.014   0.002
能出差                   5   0.011   0.014   0.002
应变能力                  4   0.009   0.011   0.001
全局观                   3   0.007   0.008   0.001
total  435
