名称             频数      频率      最高比率    相对比率    
逻辑思维能力              387   0.860   1.000   0.120
设计能力                384   0.853   0.992   0.119
沟通表达能力              352   0.782   0.910   0.109
团队协作能力              291   0.647   0.752   0.091
文案能力                200   0.444   0.517   0.062
专业素质良好              189   0.420   0.488   0.059
执行能力                150   0.333   0.388   0.047
创新能力                147   0.327   0.380   0.046
抗压能力                144   0.320   0.372   0.045
领悟能力                134   0.298   0.346   0.042
领导能力                112   0.249   0.289   0.035
工作激情                111   0.247   0.287   0.035
学习能力                110   0.244   0.284   0.034
责任心                 110   0.244   0.284   0.034
常用办公软件的使用            65   0.144   0.168   0.020
上进心                  52   0.116   0.134   0.016
遵纪守法                 44   0.098   0.114   0.014
服务意识                 44   0.098   0.114   0.014
人脉资源                 43   0.096   0.111   0.013
美术能力                 23   0.051   0.059   0.007
自律                   22   0.049   0.057   0.007
外语基础                 17   0.038   0.044   0.005
亲和力                  16   0.036   0.041   0.005
审美能力                 14   0.031   0.036   0.004
应变能力                 13   0.029   0.034   0.004
能出差                   8   0.018   0.021   0.002
形象气质佳                 4   0.009   0.010   0.001
全局观                   3   0.007   0.008   0.001
关注行业                  3   0.007   0.008   0.001
total  450
