名称             频数      频率      最高比率    相对比率    
设计能力                395   0.878   1.000   0.114
美术能力                340   0.756   0.861   0.098
团队协作能力              286   0.636   0.724   0.082
沟通表达能力              278   0.618   0.704   0.080
常用办公软件的使用           266   0.591   0.673   0.077
创新能力                265   0.589   0.671   0.076
专业素质良好              225   0.500   0.570   0.065
责任心                 173   0.384   0.438   0.050
领悟能力                162   0.360   0.410   0.047
审美能力                147   0.327   0.372   0.042
抗压能力                135   0.300   0.342   0.039
工作激情                117   0.260   0.296   0.034
学习能力                105   0.233   0.266   0.030
逻辑思维能力              104   0.231   0.263   0.030
遵纪守法                 96   0.213   0.243   0.028
文案能力                 75   0.167   0.190   0.022
执行能力                 67   0.149   0.170   0.019
上进心                  49   0.109   0.124   0.014
领导能力                 37   0.082   0.094   0.011
形象气质佳                30   0.067   0.076   0.009
服务意识                 29   0.064   0.073   0.008
亲和力                  21   0.047   0.053   0.006
人脉资源                 13   0.029   0.033   0.004
外语基础                  9   0.020   0.023   0.003
自律                    9   0.020   0.023   0.003
能出差                   6   0.013   0.015   0.002
关注行业                  3   0.007   0.008   0.001
全局观                   1   0.002   0.003   0.000
total  450
