名称             频数      频率      最高比率    相对比率    
设计能力                385   0.856   1.000   0.119
沟通表达能力              346   0.769   0.899   0.107
逻辑思维能力              323   0.718   0.839   0.099
团队协作能力              308   0.684   0.800   0.095
专业素质良好              190   0.422   0.494   0.059
文案能力                172   0.382   0.447   0.053
创新能力                170   0.378   0.442   0.052
领悟能力                161   0.358   0.418   0.050
抗压能力                131   0.291   0.340   0.040
执行能力                127   0.282   0.330   0.039
责任心                 127   0.282   0.330   0.039
工作激情                105   0.233   0.273   0.032
领导能力                103   0.229   0.268   0.032
常用办公软件的使用           102   0.227   0.265   0.031
学习能力                 98   0.218   0.255   0.030
美术能力                 94   0.209   0.244   0.029
审美能力                 48   0.107   0.125   0.015
上进心                  46   0.102   0.119   0.014
遵纪守法                 39   0.087   0.101   0.012
服务意识                 38   0.084   0.099   0.012
人脉资源                 31   0.069   0.081   0.010
外语基础                 17   0.038   0.044   0.005
自律                   15   0.033   0.039   0.005
亲和力                  14   0.031   0.036   0.004
应变能力                 13   0.029   0.034   0.004
形象气质佳                10   0.022   0.026   0.003
能出差                   6   0.013   0.016   0.002
关注行业                  4   0.009   0.010   0.001
全局观                   2   0.004   0.005   0.001
total  450
