名称             频数      频率      最高比率    相对比率    
设计能力                 37   0.804   1.000   0.124
美术能力                 36   0.783   0.973   0.120
常用办公软件的使用            24   0.522   0.649   0.080
专业素质良好               23   0.500   0.622   0.077
团队协作能力               22   0.478   0.595   0.074
创新能力                 21   0.457   0.568   0.070
沟通表达能力               17   0.370   0.459   0.057
逻辑思维能力               16   0.348   0.432   0.054
领悟能力                 15   0.326   0.405   0.050
责任心                  14   0.304   0.378   0.047
学习能力                  9   0.196   0.243   0.030
抗压能力                  8   0.174   0.216   0.027
审美能力                  7   0.152   0.189   0.023
遵纪守法                  7   0.152   0.189   0.023
文案能力                  7   0.152   0.189   0.023
领导能力                  5   0.109   0.135   0.017
工作激情                  5   0.109   0.135   0.017
执行能力                  5   0.109   0.135   0.017
上进心                   5   0.109   0.135   0.017
服务意识                  3   0.065   0.081   0.010
外语基础                  2   0.043   0.054   0.007
自律                    2   0.043   0.054   0.007
形象气质佳                 1   0.022   0.027   0.003
total  46
