名称             频数      频率      最高比率    相对比率    
常用办公软件的使用            71   0.866   1.000   0.123
美术能力                 70   0.854   0.986   0.121
设计能力                 65   0.793   0.915   0.112
团队协作能力               50   0.610   0.704   0.087
专业素质良好               50   0.610   0.704   0.087
沟通表达能力               38   0.463   0.535   0.066
创新能力                 32   0.390   0.451   0.055
领悟能力                 24   0.293   0.338   0.042
责任心                  23   0.280   0.324   0.040
抗压能力                 21   0.256   0.296   0.036
逻辑思维能力               17   0.207   0.239   0.029
工作激情                 16   0.195   0.225   0.028
学习能力                 15   0.183   0.211   0.026
上进心                  13   0.159   0.183   0.022
文案能力                 13   0.159   0.183   0.022
审美能力                 13   0.159   0.183   0.022
遵纪守法                 12   0.146   0.169   0.021
执行能力                  8   0.098   0.113   0.014
服务意识                  8   0.098   0.113   0.014
人脉资源                  6   0.073   0.085   0.010
形象气质佳                 4   0.049   0.056   0.007
领导能力                  3   0.037   0.042   0.005
能出差                   1   0.012   0.014   0.002
亲和力                   1   0.012   0.014   0.002
total  82
