名称             频数      频率      最高比率    相对比率    
设计能力               6733   0.817   1.000   0.112
美术能力               5601   0.679   0.832   0.093
沟通表达能力             5139   0.623   0.763   0.085
团队协作能力             5098   0.618   0.757   0.084
逻辑思维能力             4118   0.499   0.612   0.068
专业素质良好             3850   0.467   0.572   0.064
创新能力               3610   0.438   0.536   0.060
常用办公软件的使用          3342   0.405   0.496   0.055
领悟能力               2825   0.343   0.420   0.047
工作激情               2588   0.314   0.384   0.043
责任心                2114   0.256   0.314   0.035
学习能力               1872   0.227   0.278   0.031
抗压能力               1851   0.224   0.275   0.031
审美能力               1598   0.194   0.237   0.026
执行能力               1589   0.193   0.236   0.026
遵纪守法               1422   0.172   0.211   0.024
文案能力               1421   0.172   0.211   0.024
上进心                1150   0.139   0.171   0.019
领导能力               1020   0.124   0.151   0.017
人脉资源                569   0.069   0.085   0.009
形象气质佳               508   0.062   0.075   0.008
服务意识                438   0.053   0.065   0.007
外语基础                345   0.042   0.051   0.006
亲和力                 335   0.041   0.050   0.006
自律                  251   0.030   0.037   0.004
关注行业                100   0.012   0.015   0.002
能出差                  81   0.010   0.012   0.001
应变能力                 58   0.007   0.009   0.001
人际交往                 38   0.005   0.006   0.001
全局观                  34   0.004   0.005   0.001
total  8245
