名称             频数      频率      最高比率    相对比率    
设计能力                390   0.897   1.000   0.125
逻辑思维能力              319   0.733   0.818   0.102
沟通表达能力              307   0.706   0.787   0.098
团队协作能力              280   0.644   0.718   0.090
美术能力                217   0.499   0.556   0.070
专业素质良好              183   0.421   0.469   0.059
领悟能力                180   0.414   0.462   0.058
工作激情                173   0.398   0.444   0.055
创新能力                168   0.386   0.431   0.054
学习能力                105   0.241   0.269   0.034
常用办公软件的使用           104   0.239   0.267   0.033
文案能力                 81   0.186   0.208   0.026
执行能力                 81   0.186   0.208   0.026
责任心                  70   0.161   0.179   0.022
上进心                  69   0.159   0.177   0.022
抗压能力                 69   0.159   0.177   0.022
遵纪守法                 55   0.126   0.141   0.018
领导能力                 49   0.113   0.126   0.016
审美能力                 39   0.090   0.100   0.012
人脉资源                 33   0.076   0.085   0.011
外语基础                 29   0.067   0.074   0.009
自律                   25   0.057   0.064   0.008
服务意识                 15   0.034   0.038   0.005
形象气质佳                14   0.032   0.036   0.004
亲和力                  14   0.032   0.036   0.004
关注行业                  6   0.014   0.015   0.002
全局观                   4   0.009   0.010   0.001
能出差                   4   0.009   0.010   0.001
应变能力                  2   0.005   0.005   0.001
total  435
