名称             频数      频率      最高比率    相对比率    
设计能力                408   0.907   1.000   0.125
逻辑思维能力              329   0.731   0.806   0.101
沟通表达能力              319   0.709   0.782   0.098
团队协作能力              293   0.651   0.718   0.090
美术能力                233   0.518   0.571   0.071
专业素质良好              189   0.420   0.463   0.058
工作激情                184   0.409   0.451   0.056
领悟能力                184   0.409   0.451   0.056
创新能力                175   0.389   0.429   0.054
常用办公软件的使用           113   0.251   0.277   0.035
学习能力                106   0.236   0.260   0.032
执行能力                 83   0.184   0.203   0.025
文案能力                 81   0.180   0.199   0.025
抗压能力                 77   0.171   0.189   0.024
责任心                  76   0.169   0.186   0.023
上进心                  74   0.164   0.181   0.023
遵纪守法                 60   0.133   0.147   0.018
领导能力                 47   0.104   0.115   0.014
审美能力                 46   0.102   0.113   0.014
人脉资源                 41   0.091   0.100   0.013
外语基础                 27   0.060   0.066   0.008
自律                   25   0.056   0.061   0.008
服务意识                 17   0.038   0.042   0.005
形象气质佳                15   0.033   0.037   0.005
亲和力                  14   0.031   0.034   0.004
关注行业                  8   0.018   0.020   0.002
能出差                   5   0.011   0.012   0.002
全局观                   3   0.007   0.007   0.001
应变能力                  2   0.004   0.005   0.001
total  450
