名称             频数      频率      最高比率    相对比率    
美术能力                378   1.223   1.000   0.184
设计能力                243   0.786   0.643   0.118
团队协作能力              192   0.621   0.508   0.093
专业素质良好              184   0.595   0.487   0.090
沟通表达能力              172   0.557   0.455   0.084
常用办公软件的使用           100   0.324   0.265   0.049
责任心                  96   0.311   0.254   0.047
审美能力                 84   0.272   0.222   0.041
创新能力                 83   0.269   0.220   0.040
领悟能力                 76   0.246   0.201   0.037
抗压能力                 71   0.230   0.188   0.035
学习能力                 65   0.210   0.172   0.032
工作激情                 62   0.201   0.164   0.030
遵纪守法                 58   0.188   0.153   0.028
上进心                  33   0.107   0.087   0.016
逻辑思维能力               24   0.078   0.063   0.012
人脉资源                 23   0.074   0.061   0.011
领导能力                 18   0.058   0.048   0.009
执行能力                 18   0.058   0.048   0.009
亲和力                  16   0.052   0.042   0.008
形象气质佳                15   0.049   0.040   0.007
文案能力                  9   0.029   0.024   0.004
服务意识                  2   0.006   0.005   0.001
外语基础                  1   0.003   0.003   0.000
能出差                   1   0.003   0.003   0.000
total  309
