名称             频数      频率      最高比率    相对比率    
美术能力                392   0.871   1.000   0.116
设计能力                388   0.862   0.990   0.115
沟通表达能力              261   0.580   0.666   0.077
团队协作能力              257   0.571   0.656   0.076
专业素质良好              240   0.533   0.612   0.071
创新能力                236   0.524   0.602   0.070
常用办公软件的使用           234   0.520   0.597   0.069
领悟能力                151   0.336   0.385   0.045
工作激情                140   0.311   0.357   0.042
审美能力                132   0.293   0.337   0.039
责任心                 122   0.271   0.311   0.036
逻辑思维能力              120   0.267   0.306   0.036
抗压能力                100   0.222   0.255   0.030
学习能力                 94   0.209   0.240   0.028
执行能力                 70   0.156   0.179   0.021
遵纪守法                 67   0.149   0.171   0.020
文案能力                 60   0.133   0.153   0.018
形象气质佳                54   0.120   0.138   0.016
上进心                  48   0.107   0.122   0.014
领导能力                 44   0.098   0.112   0.013
亲和力                  30   0.067   0.077   0.009
外语基础                 22   0.049   0.056   0.007
人脉资源                 21   0.047   0.054   0.006
服务意识                 17   0.038   0.043   0.005
自律                   11   0.024   0.028   0.003
关注行业                  7   0.016   0.018   0.002
能出差                   6   0.013   0.015   0.002
全局观                   3   0.007   0.008   0.001
人际交往                  2   0.004   0.005   0.001
total  450
