名称             频数      频率      最高比率    相对比率    
美术能力                498   1.109   1.000   0.128
设计能力                425   0.947   0.853   0.110
常用办公软件的使用           348   0.775   0.699   0.090
创新能力                339   0.755   0.681   0.087
团队协作能力              286   0.637   0.574   0.074
沟通表达能力              277   0.617   0.556   0.071
专业素质良好              241   0.537   0.484   0.062
审美能力                184   0.410   0.369   0.047
责任心                 184   0.410   0.369   0.047
工作激情                151   0.336   0.303   0.039
领悟能力                138   0.307   0.277   0.036
执行能力                130   0.290   0.261   0.034
抗压能力                119   0.265   0.239   0.031
遵纪守法                105   0.234   0.211   0.027
形象气质佳                84   0.187   0.169   0.022
学习能力                 83   0.185   0.167   0.021
逻辑思维能力               67   0.149   0.135   0.017
文案能力                 44   0.098   0.088   0.011
上进心                  39   0.087   0.078   0.010
领导能力                 33   0.073   0.066   0.009
人脉资源                 27   0.060   0.054   0.007
服务意识                 21   0.047   0.042   0.005
亲和力                  13   0.029   0.026   0.003
外语基础                  6   0.013   0.012   0.002
自律                    5   0.011   0.010   0.001
人际交往                  4   0.009   0.008   0.001
关注行业                  3   0.007   0.006   0.001
应变能力                  2   0.004   0.004   0.001
能出差                   1   0.002   0.002   0.000
total  449
