名称             频数      频率      最高比率    相对比率    
设计能力                216   0.939   1.000   0.109
美术能力                212   0.922   0.981   0.107
创新能力                187   0.813   0.866   0.095
常用办公软件的使用           163   0.709   0.755   0.082
团队协作能力              158   0.687   0.731   0.080
沟通表达能力              140   0.609   0.648   0.071
专业素质良好              112   0.487   0.519   0.057
抗压能力                 99   0.430   0.458   0.050
工作激情                 97   0.422   0.449   0.049
逻辑思维能力               91   0.396   0.421   0.046
责任心                  89   0.387   0.412   0.045
审美能力                 81   0.352   0.375   0.041
领悟能力                 64   0.278   0.296   0.032
学习能力                 58   0.252   0.269   0.029
遵纪守法                 52   0.226   0.241   0.026
执行能力                 32   0.139   0.148   0.016
文案能力                 30   0.130   0.139   0.015
上进心                  30   0.130   0.139   0.015
亲和力                  11   0.048   0.051   0.006
形象气质佳                 9   0.039   0.042   0.005
人脉资源                  9   0.039   0.042   0.005
外语基础                  8   0.035   0.037   0.004
领导能力                  8   0.035   0.037   0.004
服务意识                  4   0.017   0.019   0.002
应变能力                  3   0.013   0.014   0.002
关注行业                  1   0.004   0.005   0.001
自律                    1   0.004   0.005   0.001
能出差                   1   0.004   0.005   0.001
total  230
