名称             频数      频率      最高比率    相对比率    
设计能力                400   0.889   1.000   0.126
逻辑思维能力              328   0.729   0.820   0.103
沟通表达能力              310   0.689   0.775   0.097
团队协作能力              282   0.627   0.705   0.089
美术能力                218   0.484   0.545   0.068
专业素质良好              186   0.413   0.465   0.058
领悟能力                181   0.402   0.453   0.057
工作激情                177   0.393   0.443   0.056
创新能力                169   0.376   0.422   0.053
常用办公软件的使用           108   0.240   0.270   0.034
学习能力                107   0.238   0.268   0.034
文案能力                 86   0.191   0.215   0.027
执行能力                 85   0.189   0.212   0.027
上进心                  74   0.164   0.185   0.023
责任心                  72   0.160   0.180   0.023
抗压能力                 70   0.156   0.175   0.022
遵纪守法                 53   0.118   0.133   0.017
领导能力                 49   0.109   0.122   0.015
审美能力                 36   0.080   0.090   0.011
人脉资源                 35   0.078   0.087   0.011
外语基础                 30   0.067   0.075   0.009
自律                   25   0.056   0.062   0.008
服务意识                 17   0.038   0.043   0.005
亲和力                  14   0.031   0.035   0.004
形象气质佳                 9   0.020   0.022   0.003
关注行业                  8   0.018   0.020   0.003
能出差                   5   0.011   0.013   0.002
全局观                   4   0.009   0.010   0.001
应变能力                  2   0.004   0.005   0.001
total  450
