名称             频数      频率      最高比率    相对比率    
设计能力                 34   0.739   1.000   0.135
团队协作能力               29   0.630   0.853   0.116
沟通表达能力               24   0.522   0.706   0.096
美术能力                 23   0.500   0.676   0.092
领悟能力                 15   0.326   0.441   0.060
遵纪守法                 14   0.304   0.412   0.056
责任心                  14   0.304   0.412   0.056
专业素质良好               13   0.283   0.382   0.052
工作激情                 12   0.261   0.353   0.048
亲和力                  12   0.261   0.353   0.048
学习能力                 10   0.217   0.294   0.040
常用办公软件的使用             9   0.196   0.265   0.036
创新能力                  9   0.196   0.265   0.036
逻辑思维能力                6   0.130   0.176   0.024
抗压能力                  6   0.130   0.176   0.024
上进心                   5   0.109   0.147   0.020
领导能力                  4   0.087   0.118   0.016
审美能力                  4   0.087   0.118   0.016
执行能力                  1   0.022   0.029   0.004
total  46
