名称             频数      频率      最高比率    相对比率    
美术能力                 36   1.333   1.000   0.222
设计能力                 18   0.667   0.500   0.111
专业素质良好               17   0.630   0.472   0.105
团队协作能力               16   0.593   0.444   0.099
沟通表达能力               12   0.444   0.333   0.074
创新能力                  8   0.296   0.222   0.049
遵纪守法                  7   0.259   0.194   0.043
责任心                   7   0.259   0.194   0.043
审美能力                  5   0.185   0.139   0.031
学习能力                  5   0.185   0.139   0.031
工作激情                  5   0.185   0.139   0.031
领悟能力                  5   0.185   0.139   0.031
常用办公软件的使用             4   0.148   0.111   0.025
文案能力                  3   0.111   0.083   0.019
上进心                   2   0.074   0.056   0.012
形象气质佳                 2   0.074   0.056   0.012
人脉资源                  2   0.074   0.056   0.012
领导能力                  2   0.074   0.056   0.012
抗压能力                  2   0.074   0.056   0.012
逻辑思维能力                2   0.074   0.056   0.012
亲和力                   1   0.037   0.028   0.006
total  27
