名称             频数      频率      最高比率    相对比率    
美术能力                 98   1.114   1.000   0.172
设计能力                 61   0.693   0.622   0.107
专业素质良好               56   0.636   0.571   0.098
团队协作能力               52   0.591   0.531   0.091
沟通表达能力               50   0.568   0.510   0.088
常用办公软件的使用            33   0.375   0.337   0.058
责任心                  30   0.341   0.306   0.053
领悟能力                 24   0.273   0.245   0.042
学习能力                 22   0.250   0.224   0.039
工作激情                 20   0.227   0.204   0.035
抗压能力                 20   0.227   0.204   0.035
创新能力                 19   0.216   0.194   0.033
遵纪守法                 17   0.193   0.173   0.030
上进心                  13   0.148   0.133   0.023
审美能力                 12   0.136   0.122   0.021
逻辑思维能力               10   0.114   0.102   0.018
执行能力                  8   0.091   0.082   0.014
领导能力                  6   0.068   0.061   0.011
人脉资源                  4   0.045   0.041   0.007
文案能力                  3   0.034   0.031   0.005
亲和力                   3   0.034   0.031   0.005
自律                    2   0.023   0.020   0.004
外语基础                  1   0.011   0.010   0.002
total  88
