名称             频数      频率      最高比率    相对比率    
逻辑思维能力              357   0.793   1.000   0.115
沟通表达能力              284   0.631   0.796   0.091
设计能力                257   0.571   0.720   0.083
专业素质良好              240   0.533   0.672   0.077
团队协作能力              237   0.527   0.664   0.076
文案能力                178   0.396   0.499   0.057
领悟能力                162   0.360   0.454   0.052
执行能力                143   0.318   0.401   0.046
学习能力                130   0.289   0.364   0.042
创新能力                113   0.251   0.317   0.036
工作激情                112   0.249   0.314   0.036
常用办公软件的使用           108   0.240   0.303   0.035
上进心                 106   0.236   0.297   0.034
抗压能力                 85   0.189   0.238   0.027
领导能力                 84   0.187   0.235   0.027
责任心                  84   0.187   0.235   0.027
遵纪守法                 73   0.162   0.204   0.024
服务意识                 73   0.162   0.204   0.024
人脉资源                 55   0.122   0.154   0.018
外语基础                 44   0.098   0.123   0.014
亲和力                  37   0.082   0.104   0.012
美术能力                 30   0.067   0.084   0.010
自律                   23   0.051   0.064   0.007
审美能力                 12   0.027   0.034   0.004
能出差                  12   0.027   0.034   0.004
形象气质佳                 8   0.018   0.022   0.003
应变能力                  6   0.013   0.017   0.002
关注行业                  3   0.007   0.008   0.001
人际交往                  3   0.007   0.008   0.001
全局观                   2   0.004   0.006   0.001
total  450
