名称             频数      频率      最高比率    相对比率    
逻辑思维能力               25   0.781   1.000   0.092
设计能力                 25   0.781   1.000   0.092
沟通表达能力               24   0.750   0.960   0.088
团队协作能力               22   0.688   0.880   0.081
执行能力                 19   0.594   0.760   0.070
专业素质良好               19   0.594   0.760   0.070
文案能力                 16   0.500   0.640   0.059
工作激情                 15   0.469   0.600   0.055
领悟能力                 14   0.438   0.560   0.051
常用办公软件的使用            13   0.406   0.520   0.048
学习能力                 10   0.312   0.400   0.037
上进心                   8   0.250   0.320   0.029
创新能力                  8   0.250   0.320   0.029
服务意识                  8   0.250   0.320   0.029
责任心                   8   0.250   0.320   0.029
领导能力                  5   0.156   0.200   0.018
亲和力                   5   0.156   0.200   0.018
抗压能力                  5   0.156   0.200   0.018
人脉资源                  4   0.125   0.160   0.015
外语基础                  4   0.125   0.160   0.015
遵纪守法                  3   0.094   0.120   0.011
美术能力                  3   0.094   0.120   0.011
自律                    2   0.062   0.080   0.007
能出差                   2   0.062   0.080   0.007
应变能力                  1   0.031   0.040   0.004
total  32
