名称             频数      频率      最高比率    相对比率    
设计能力                379   0.902   1.000   0.114
美术能力                355   0.845   0.937   0.107
常用办公软件的使用           265   0.631   0.699   0.080
团队协作能力              258   0.614   0.681   0.077
沟通表达能力              256   0.610   0.675   0.077
创新能力                248   0.590   0.654   0.074
专业素质良好              212   0.505   0.559   0.064
责任心                 162   0.386   0.427   0.049
审美能力                156   0.371   0.412   0.047
领悟能力                153   0.364   0.404   0.046
工作激情                119   0.283   0.314   0.036
抗压能力                119   0.283   0.314   0.036
遵纪守法                 96   0.229   0.253   0.029
学习能力                 94   0.224   0.248   0.028
逻辑思维能力               88   0.210   0.232   0.026
执行能力                 72   0.171   0.190   0.022
文案能力                 63   0.150   0.166   0.019
形象气质佳                38   0.090   0.100   0.011
上进心                  37   0.088   0.098   0.011
领导能力                 35   0.083   0.092   0.011
服务意识                 26   0.062   0.069   0.008
亲和力                  22   0.052   0.058   0.007
外语基础                 13   0.031   0.034   0.004
人脉资源                 10   0.024   0.026   0.003
关注行业                  7   0.017   0.018   0.002
自律                    7   0.017   0.018   0.002
能出差                   5   0.012   0.013   0.002
人际交往                  1   0.002   0.003   0.000
total  420
