名称             频数      频率      最高比率    相对比率    
设计能力                166   0.838   1.000   0.104
美术能力                164   0.828   0.988   0.103
团队协作能力              143   0.722   0.861   0.090
沟通表达能力              123   0.621   0.741   0.077
创新能力                115   0.581   0.693   0.072
领导能力                 92   0.465   0.554   0.058
专业素质良好               84   0.424   0.506   0.053
常用办公软件的使用            77   0.389   0.464   0.048
审美能力                 70   0.354   0.422   0.044
逻辑思维能力               68   0.343   0.410   0.043
领悟能力                 61   0.308   0.367   0.038
执行能力                 60   0.303   0.361   0.038
责任心                  46   0.232   0.277   0.029
工作激情                 44   0.222   0.265   0.028
抗压能力                 42   0.212   0.253   0.026
形象气质佳                38   0.192   0.229   0.024
遵纪守法                 33   0.167   0.199   0.021
学习能力                 31   0.157   0.187   0.019
文案能力                 30   0.152   0.181   0.019
上进心                  22   0.111   0.133   0.014
服务意识                 15   0.076   0.090   0.009
人脉资源                 12   0.061   0.072   0.008
外语基础                 11   0.056   0.066   0.007
能出差                   7   0.035   0.042   0.004
应变能力                  5   0.025   0.030   0.003
人际交往                  4   0.020   0.024   0.003
亲和力                   3   0.015   0.018   0.002
全局观                   1   0.005   0.006   0.001
关注行业                  1   0.005   0.006   0.001
自律                    1   0.005   0.006   0.001
total  198
