名称             频数      频率      最高比率    相对比率    
设计能力                108   0.864   1.000   0.110
团队协作能力               93   0.744   0.861   0.094
美术能力                 90   0.720   0.833   0.091
沟通表达能力               75   0.600   0.694   0.076
创新能力                 73   0.584   0.676   0.074
领导能力                 57   0.456   0.528   0.058
专业素质良好               57   0.456   0.528   0.058
常用办公软件的使用            52   0.416   0.481   0.053
逻辑思维能力               43   0.344   0.398   0.044
审美能力                 38   0.304   0.352   0.039
执行能力                 36   0.288   0.333   0.037
领悟能力                 34   0.272   0.315   0.035
责任心                  29   0.232   0.269   0.029
形象气质佳                25   0.200   0.231   0.025
工作激情                 25   0.200   0.231   0.025
遵纪守法                 23   0.184   0.213   0.023
抗压能力                 23   0.184   0.213   0.023
文案能力                 20   0.160   0.185   0.020
学习能力                 18   0.144   0.167   0.018
上进心                  15   0.120   0.139   0.015
人脉资源                 10   0.080   0.093   0.010
服务意识                  9   0.072   0.083   0.009
外语基础                  4   0.032   0.037   0.004
能出差                   4   0.032   0.037   0.004
应变能力                  3   0.024   0.028   0.003
人际交往                  2   0.016   0.019   0.002
亲和力                   2   0.016   0.019   0.002
全局观                   1   0.008   0.009   0.001
自律                    1   0.008   0.009   0.001
total  125
