名称             频数      频率      最高比率    相对比率    
设计能力                176   0.903   1.000   0.109
美术能力                173   0.887   0.983   0.107
团队协作能力              151   0.774   0.858   0.093
创新能力                126   0.646   0.716   0.078
沟通表达能力              112   0.574   0.636   0.069
领导能力                 97   0.497   0.551   0.060
专业素质良好               88   0.451   0.500   0.054
审美能力                 75   0.385   0.426   0.046
常用办公软件的使用            73   0.374   0.415   0.045
领悟能力                 72   0.369   0.409   0.044
执行能力                 63   0.323   0.358   0.039
逻辑思维能力               61   0.313   0.347   0.038
责任心                  54   0.277   0.307   0.033
抗压能力                 43   0.221   0.244   0.027
学习能力                 39   0.200   0.222   0.024
形象气质佳                38   0.195   0.216   0.023
工作激情                 37   0.190   0.210   0.023
上进心                  28   0.144   0.159   0.017
遵纪守法                 23   0.118   0.131   0.014
服务意识                 19   0.097   0.108   0.012
文案能力                 17   0.087   0.097   0.011
人脉资源                 13   0.067   0.074   0.008
人际交往                  6   0.031   0.034   0.004
外语基础                  6   0.031   0.034   0.004
关注行业                  3   0.015   0.017   0.002
亲和力                   3   0.015   0.017   0.002
应变能力                  2   0.010   0.011   0.001
自律                    2   0.010   0.011   0.001
全局观                   1   0.005   0.006   0.001
能出差                   1   0.005   0.006   0.001
total  195
