名称             频数      频率      最高比率    相对比率    
设计能力                320   0.711   1.000   0.125
团队协作能力              268   0.596   0.838   0.105
文案能力                252   0.560   0.787   0.098
逻辑思维能力              243   0.540   0.759   0.095
沟通表达能力              237   0.527   0.741   0.093
专业素质良好              199   0.442   0.622   0.078
学习能力                145   0.322   0.453   0.057
责任心                 143   0.318   0.447   0.056
上进心                 118   0.262   0.369   0.046
领悟能力                103   0.229   0.322   0.040
遵纪守法                101   0.224   0.316   0.039
抗压能力                 86   0.191   0.269   0.034
工作激情                 82   0.182   0.256   0.032
服务意识                 71   0.158   0.222   0.028
领导能力                 58   0.129   0.181   0.023
外语基础                 24   0.053   0.075   0.009
执行能力                 21   0.047   0.066   0.008
创新能力                 18   0.040   0.056   0.007
人脉资源                  6   0.013   0.019   0.002
常用办公软件的使用             6   0.013   0.019   0.002
亲和力                   6   0.013   0.019   0.002
能出差                   3   0.007   0.009   0.001
审美能力                  2   0.004   0.006   0.001
全局观                   2   0.004   0.006   0.001
自律                    2   0.004   0.006   0.001
形象气质佳                 1   0.002   0.003   0.000
total  450
