名称             频数      频率      最高比率    相对比率    
设计能力                343   0.762   1.000   0.127
专业素质良好              306   0.680   0.892   0.113
团队协作能力              259   0.576   0.755   0.096
逻辑思维能力              241   0.536   0.703   0.089
沟通表达能力              216   0.480   0.630   0.080
文案能力                168   0.373   0.490   0.062
学习能力                162   0.360   0.472   0.060
领悟能力                157   0.349   0.458   0.058
钻研能力                145   0.322   0.423   0.054
责任心                 138   0.307   0.402   0.051
主动性                  82   0.182   0.239   0.030
抗压能力                 64   0.142   0.187   0.024
常用办公软件的使用            60   0.133   0.175   0.022
思想品质                 52   0.116   0.152   0.019
其他                   47   0.104   0.137   0.017
服务意识                 40   0.089   0.117   0.015
创新能力                 32   0.071   0.093   0.012
领导能力                 29   0.064   0.085   0.011
外语基础                 27   0.060   0.079   0.010
上进心                  25   0.056   0.073   0.009
执行能力                 24   0.053   0.070   0.009
工作激情                 17   0.038   0.050   0.006
职业操守                 13   0.029   0.038   0.005
性格好                  12   0.027   0.035   0.004
良好的职业背景               9   0.020   0.026   0.003
吃苦耐劳                  8   0.018   0.023   0.003
熟悉法律法规                7   0.016   0.020   0.003
自我管理能力                7   0.016   0.020   0.003
美术功底                  5   0.011   0.015   0.002
能出差                   5   0.011   0.015   0.002
审美能力                  1   0.002   0.003   0.000
开拓精神                  1   0.002   0.003   0.000
有车                    1   0.002   0.003   0.000
应变能力                  1   0.002   0.003   0.000
形象气质佳                 1   0.002   0.003   0.000
全局观                   1   0.002   0.003   0.000
美术创作能力                1   0.002   0.003   0.000
total  450
