名称             频数      频率      最高比率    相对比率    
设计能力                343   0.762   1.000   0.127
专业素质良好              306   0.680   0.892   0.113
团队协作能力              259   0.576   0.755   0.096
逻辑思维能力              241   0.536   0.703   0.089
沟通表达能力              216   0.480   0.630   0.080
上进心                 170   0.378   0.496   0.063
文案能力                168   0.373   0.490   0.062
学习能力                162   0.360   0.472   0.060
领悟能力                157   0.349   0.458   0.058
责任心                 138   0.307   0.402   0.051
工作激情                 99   0.220   0.289   0.037
遵纪守法                 72   0.160   0.210   0.027
抗压能力                 72   0.160   0.210   0.027
常用办公软件的使用            60   0.133   0.175   0.022
服务意识                 40   0.089   0.117   0.015
创新能力                 33   0.073   0.096   0.012
领导能力                 29   0.064   0.085   0.011
外语基础                 27   0.060   0.079   0.010
执行能力                 24   0.053   0.070   0.009
亲和力                  12   0.027   0.035   0.004
人脉资源                  9   0.020   0.026   0.003
自律                    7   0.016   0.020   0.003
美术能力                  6   0.013   0.017   0.002
能出差                   6   0.013   0.017   0.002
应变能力                  1   0.002   0.003   0.000
审美能力                  1   0.002   0.003   0.000
全局观                   1   0.002   0.003   0.000
形象气质佳                 1   0.002   0.003   0.000
total  450
