名称             频数      频率      最高比率    相对比率    
专业素质良好                9   0.750   1.000   0.184
团队协作能力                7   0.583   0.778   0.143
设计能力                  7   0.583   0.778   0.143
沟通表达能力                4   0.333   0.444   0.082
文案能力                  4   0.333   0.444   0.082
逻辑思维能力                4   0.333   0.444   0.082
能出差                   2   0.167   0.222   0.041
责任心                   2   0.167   0.222   0.041
学习能力                  2   0.167   0.222   0.041
抗压能力                  2   0.167   0.222   0.041
外语基础                  2   0.167   0.222   0.041
常用办公软件的使用             1   0.083   0.111   0.020
遵纪守法                  1   0.083   0.111   0.020
创新能力                  1   0.083   0.111   0.020
人脉资源                  1   0.083   0.111   0.020
total  12
