名称             频数      频率      最高比率    相对比率    
设计能力                102   0.718   1.000   0.123
文案能力                 87   0.613   0.853   0.105
团队协作能力               84   0.592   0.824   0.101
逻辑思维能力               79   0.556   0.775   0.095
沟通表达能力               72   0.507   0.706   0.087
专业素质良好               68   0.479   0.667   0.082
学习能力                 51   0.359   0.500   0.061
责任心                  43   0.303   0.422   0.052
遵纪守法                 33   0.232   0.324   0.040
上进心                  32   0.225   0.314   0.039
领悟能力                 31   0.218   0.304   0.037
抗压能力                 30   0.211   0.294   0.036
工作激情                 29   0.204   0.284   0.035
服务意识                 22   0.155   0.216   0.027
创新能力                 13   0.092   0.127   0.016
领导能力                 11   0.077   0.108   0.013
执行能力                  7   0.049   0.069   0.008
人脉资源                  6   0.042   0.059   0.007
外语基础                  5   0.035   0.049   0.006
亲和力                   5   0.035   0.049   0.006
自律                    3   0.021   0.029   0.004
能出差                   2   0.014   0.020   0.002
全局观                   1   0.007   0.010   0.001
常用办公软件的使用             1   0.007   0.010   0.001
total  142
