名称             频数      频率      最高比率    相对比率    
逻辑思维能力              360   0.800   1.000   0.153
设计能力                261   0.580   0.725   0.111
沟通表达能力              248   0.551   0.689   0.105
团队协作能力              229   0.509   0.636   0.097
专业素质良好              171   0.380   0.475   0.072
领悟能力                132   0.293   0.367   0.056
文案能力                106   0.236   0.294   0.045
学习能力                105   0.233   0.292   0.045
责任心                  89   0.198   0.247   0.038
工作激情                 73   0.162   0.203   0.031
领导能力                 72   0.160   0.200   0.031
常用办公软件的使用            71   0.158   0.197   0.030
抗压能力                 70   0.156   0.194   0.030
上进心                  60   0.133   0.167   0.025
遵纪守法                 60   0.133   0.167   0.025
人脉资源                 46   0.102   0.128   0.019
执行能力                 44   0.098   0.122   0.019
服务意识                 42   0.093   0.117   0.018
创新能力                 28   0.062   0.078   0.012
自律                   13   0.029   0.036   0.006
能出差                  13   0.029   0.036   0.006
亲和力                  11   0.024   0.031   0.005
外语基础                 10   0.022   0.028   0.004
应变能力                  1   0.002   0.003   0.000
审美能力                  1   0.002   0.003   0.000
美术能力                  1   0.002   0.003   0.000
total  450
