名称             频数      频率      最高比率    相对比率    
逻辑思维能力              239   0.531   1.000   0.114
设计能力                228   0.507   0.954   0.109
团队协作能力              191   0.424   0.799   0.091
沟通表达能力              188   0.418   0.787   0.090
专业素质良好              183   0.407   0.766   0.087
文案能力                155   0.344   0.649   0.074
学习能力                141   0.313   0.590   0.067
责任心                  94   0.209   0.393   0.045
服务意识                 77   0.171   0.322   0.037
上进心                  75   0.167   0.314   0.036
工作激情                 75   0.167   0.314   0.036
领悟能力                 69   0.153   0.289   0.033
抗压能力                 63   0.140   0.264   0.030
遵纪守法                 60   0.133   0.251   0.029
外语基础                 43   0.096   0.180   0.020
领导能力                 42   0.093   0.176   0.020
创新能力                 22   0.049   0.092   0.010
常用办公软件的使用            17   0.038   0.071   0.008
亲和力                  14   0.031   0.059   0.007
人脉资源                 13   0.029   0.054   0.006
自律                   12   0.027   0.050   0.006
执行能力                 12   0.027   0.050   0.006
能出差                  12   0.027   0.050   0.006
美术能力                  7   0.016   0.029   0.003
应变能力                  2   0.004   0.008   0.001
形象气质佳                 2   0.004   0.008   0.001
total  450
