名称             频数      频率      最高比率    相对比率    
沟通表达能力              240   0.533   1.000   0.114
逻辑思维能力              240   0.533   1.000   0.114
团队协作能力              210   0.467   0.875   0.100
设计能力                210   0.467   0.875   0.100
专业素质良好              210   0.467   0.875   0.100
工作激情                180   0.400   0.750   0.086
文案能力                180   0.400   0.750   0.086
领悟能力                120   0.267   0.500   0.057
学习能力                 90   0.200   0.375   0.043
领导能力                 60   0.133   0.250   0.029
上进心                  60   0.133   0.250   0.029
服务意识                 60   0.133   0.250   0.029
责任心                  60   0.133   0.250   0.029
遵纪守法                 30   0.067   0.125   0.014
自律                   30   0.067   0.125   0.014
外语基础                 30   0.067   0.125   0.014
抗压能力                 30   0.067   0.125   0.014
total  450
