名称             频数      频率      最高比率    相对比率    
逻辑思维能力              264   0.587   1.000   0.126
设计能力                250   0.556   0.947   0.120
专业素质良好              211   0.469   0.799   0.101
团队协作能力              192   0.427   0.727   0.092
沟通表达能力              167   0.371   0.633   0.080
学习能力                148   0.329   0.561   0.071
文案能力                128   0.284   0.485   0.061
服务意识                111   0.247   0.420   0.053
工作激情                 78   0.173   0.295   0.037
领悟能力                 78   0.173   0.295   0.037
上进心                  72   0.160   0.273   0.034
责任心                  69   0.153   0.261   0.033
遵纪守法                 50   0.111   0.189   0.024
抗压能力                 50   0.111   0.189   0.024
外语基础                 40   0.089   0.152   0.019
创新能力                 20   0.044   0.076   0.010
领导能力                 18   0.040   0.068   0.009
常用办公软件的使用            17   0.038   0.064   0.008
人脉资源                 15   0.033   0.057   0.007
自律                    8   0.018   0.030   0.004
美术能力                  7   0.016   0.027   0.003
执行能力                  6   0.013   0.023   0.003
能出差                   6   0.013   0.023   0.003
亲和力                   4   0.009   0.015   0.002
total  450
