名称             频数      频率      最高比率    相对比率    
设计能力                 40   0.541   1.000   0.127
服务意识                 38   0.514   0.950   0.121
逻辑思维能力               35   0.473   0.875   0.111
专业素质良好               29   0.392   0.725   0.092
团队协作能力               24   0.324   0.600   0.076
沟通表达能力               22   0.297   0.550   0.070
学习能力                 15   0.203   0.375   0.048
文案能力                 14   0.189   0.350   0.045
领悟能力                 10   0.135   0.250   0.032
抗压能力                 10   0.135   0.250   0.032
责任心                   9   0.122   0.225   0.029
上进心                   8   0.108   0.200   0.025
遵纪守法                  8   0.108   0.200   0.025
工作激情                  8   0.108   0.200   0.025
领导能力                  7   0.095   0.175   0.022
创新能力                  6   0.081   0.150   0.019
人脉资源                  5   0.068   0.125   0.016
执行能力                  5   0.068   0.125   0.016
常用办公软件的使用             2   0.027   0.050   0.006
全局观                   1   0.014   0.025   0.003
外语基础                  1   0.014   0.025   0.003
关注行业                  1   0.014   0.025   0.003
自律                    1   0.014   0.025   0.003
total  74
