名称             频数      频率      最高比率    相对比率    
团队协作能力              222   0.793   1.000   0.111
沟通表达能力              180   0.643   0.811   0.090
逻辑思维能力              179   0.639   0.806   0.089
创新能力                172   0.614   0.775   0.086
执行能力                142   0.507   0.640   0.071
领导能力                141   0.504   0.635   0.070
专业素质良好              101   0.361   0.455   0.050
人际交往                 87   0.311   0.392   0.043
人脉资源                 84   0.300   0.378   0.042
领悟能力                 75   0.268   0.338   0.037
抗压能力                 75   0.268   0.338   0.037
遵纪守法                 56   0.200   0.252   0.028
工作激情                 56   0.200   0.252   0.028
责任心                  54   0.193   0.243   0.027
上进心                  53   0.189   0.239   0.026
文案能力                 50   0.179   0.225   0.025
形象气质佳                48   0.171   0.216   0.024
设计能力                 42   0.150   0.189   0.021
服务意识                 35   0.125   0.158   0.017
学习能力                 31   0.111   0.140   0.015
亲和力                  20   0.071   0.090   0.010
常用办公软件的使用            15   0.054   0.068   0.007
能出差                  14   0.050   0.063   0.007
外语基础                 12   0.043   0.054   0.006
自律                   11   0.039   0.050   0.005
应变能力                 10   0.036   0.045   0.005
审美能力                  7   0.025   0.032   0.003
关注行业                  2   0.007   0.009   0.001
美术能力                  2   0.007   0.009   0.001
total  280
