名称             频数      频率      最高比率    相对比率    
团队协作能力              239   0.608   1.000   0.117
专业素质良好              233   0.593   0.975   0.114
逻辑思维能力              220   0.560   0.921   0.107
设计能力                216   0.550   0.904   0.105
沟通表达能力              181   0.461   0.757   0.088
学习能力                124   0.316   0.519   0.061
抗压能力                120   0.305   0.502   0.059
遵纪守法                 99   0.252   0.414   0.048
责任心                  92   0.234   0.385   0.045
上进心                  75   0.191   0.314   0.037
美术能力                 68   0.173   0.285   0.033
文案能力                 60   0.153   0.251   0.029
工作激情                 60   0.153   0.251   0.029
服务意识                 54   0.137   0.226   0.026
领悟能力                 46   0.117   0.192   0.022
领导能力                 35   0.089   0.146   0.017
执行能力                 35   0.089   0.146   0.017
创新能力                 20   0.051   0.084   0.010
常用办公软件的使用            16   0.041   0.067   0.008
外语基础                 11   0.028   0.046   0.005
自律                   11   0.028   0.046   0.005
人脉资源                  4   0.010   0.017   0.002
关注行业                  2   0.005   0.008   0.001
亲和力                   2   0.005   0.008   0.001
total  393
