名称             频数      频率      最高比率    相对比率    
团队协作能力              132   0.815   1.000   0.114
设计能力                125   0.772   0.947   0.108
领导能力                112   0.691   0.848   0.097
逻辑思维能力              101   0.623   0.765   0.087
沟通表达能力               90   0.556   0.682   0.078
上进心                  70   0.432   0.530   0.061
创新能力                 60   0.370   0.455   0.052
执行能力                 51   0.315   0.386   0.044
领悟能力                 49   0.302   0.371   0.042
服务意识                 48   0.296   0.364   0.041
学习能力                 45   0.278   0.341   0.039
专业素质良好               41   0.253   0.311   0.035
责任心                  40   0.247   0.303   0.035
文案能力                 39   0.241   0.295   0.034
工作激情                 30   0.185   0.227   0.026
抗压能力                 29   0.179   0.220   0.025
人脉资源                 27   0.167   0.205   0.023
遵纪守法                 18   0.111   0.136   0.016
常用办公软件的使用            12   0.074   0.091   0.010
外语基础                  9   0.056   0.068   0.008
亲和力                   5   0.031   0.038   0.004
自律                    3   0.019   0.023   0.003
人际交往                  2   0.012   0.015   0.002
形象气质佳                 2   0.012   0.015   0.002
关注行业                  2   0.012   0.015   0.002
应变能力                  1   0.006   0.008   0.001
美术能力                  1   0.006   0.008   0.001
total  162
