名称             频数      频率      最高比率    相对比率    
文案能力                  3   0.600   1.000   0.125
专业素质良好                3   0.600   1.000   0.125
学习能力                  2   0.400   0.667   0.083
领导能力                  2   0.400   0.667   0.083
领悟能力                  2   0.400   0.667   0.083
抗压能力                  2   0.400   0.667   0.083
逻辑思维能力                2   0.400   0.667   0.083
团队协作能力                1   0.200   0.333   0.042
工作激情                  1   0.200   0.333   0.042
责任心                   1   0.200   0.333   0.042
沟通表达能力                1   0.200   0.333   0.042
遵纪守法                  1   0.200   0.333   0.042
设计能力                  1   0.200   0.333   0.042
服务意识                  1   0.200   0.333   0.042
外语基础                  1   0.200   0.333   0.042
total  5
