名称             频数      频率      最高比率    相对比率    
设计能力                292   0.716   1.000   0.134
团队协作能力              209   0.512   0.716   0.096
逻辑思维能力              196   0.480   0.671   0.090
沟通表达能力              158   0.387   0.541   0.072
文案能力                140   0.343   0.479   0.064
专业素质良好              136   0.333   0.466   0.062
服务意识                133   0.326   0.455   0.061
责任心                 118   0.289   0.404   0.054
领悟能力                116   0.284   0.397   0.053
领导能力                112   0.275   0.384   0.051
学习能力                108   0.265   0.370   0.049
上进心                 105   0.257   0.360   0.048
抗压能力                 97   0.238   0.332   0.044
工作激情                 68   0.167   0.233   0.031
遵纪守法                 65   0.159   0.223   0.030
执行能力                 32   0.078   0.110   0.015
人脉资源                 17   0.042   0.058   0.008
创新能力                 17   0.042   0.058   0.008
外语基础                 11   0.027   0.038   0.005
亲和力                   8   0.020   0.027   0.004
常用办公软件的使用             7   0.017   0.024   0.003
能出差                   6   0.015   0.021   0.003
自律                    4   0.010   0.014   0.002
应变能力                  1   0.002   0.003   0.000
人际交往                  1   0.002   0.003   0.000
total  408
