名称             频数      频率      最高比率    相对比率    
设计能力                 27   0.750   1.000   0.130
沟通表达能力               22   0.611   0.815   0.106
团队协作能力               18   0.500   0.667   0.087
文案能力                 17   0.472   0.630   0.082
学习能力                 15   0.417   0.556   0.072
责任心                  15   0.417   0.556   0.072
逻辑思维能力               14   0.389   0.519   0.068
工作激情                 12   0.333   0.444   0.058
专业素质良好               12   0.333   0.444   0.058
遵纪守法                 10   0.278   0.370   0.048
上进心                   9   0.250   0.333   0.043
抗压能力                  9   0.250   0.333   0.043
领悟能力                  6   0.167   0.222   0.029
领导能力                  4   0.111   0.148   0.019
服务意识                  4   0.111   0.148   0.019
执行能力                  3   0.083   0.111   0.014
创新能力                  2   0.056   0.074   0.010
能出差                   2   0.056   0.074   0.010
常用办公软件的使用             2   0.056   0.074   0.010
自律                    1   0.028   0.037   0.005
亲和力                   1   0.028   0.037   0.005
total  36
