名称             频数      频率      最高比率    相对比率    
逻辑思维能力                5   1.000   1.000   0.167
设计能力                  4   0.800   0.800   0.133
上进心                   3   0.600   0.600   0.100
美术能力                  2   0.400   0.400   0.067
执行能力                  2   0.400   0.400   0.067
专业素质良好                2   0.400   0.400   0.067
常用办公软件的使用             2   0.400   0.400   0.067
团队协作能力                2   0.400   0.400   0.067
沟通表达能力                2   0.400   0.400   0.067
遵纪守法                  1   0.200   0.200   0.033
文案能力                  1   0.200   0.200   0.033
创新能力                  1   0.200   0.200   0.033
学习能力                  1   0.200   0.200   0.033
外语基础                  1   0.200   0.200   0.033
人脉资源                  1   0.200   0.200   0.033
total  5
