名称             频数      频率      最高比率    相对比率    
设计能力                155   0.598   1.000   0.132
逻辑思维能力              155   0.598   1.000   0.132
沟通表达能力              120   0.463   0.774   0.102
团队协作能力              117   0.452   0.755   0.100
专业素质良好               83   0.320   0.535   0.071
文案能力                 70   0.270   0.452   0.060
领悟能力                 70   0.270   0.452   0.060
学习能力                 56   0.216   0.361   0.048
遵纪守法                 53   0.205   0.342   0.045
责任心                  48   0.185   0.310   0.041
上进心                  38   0.147   0.245   0.032
工作激情                 38   0.147   0.245   0.032
抗压能力                 30   0.116   0.194   0.026
领导能力                 21   0.081   0.135   0.018
服务意识                 19   0.073   0.123   0.016
执行能力                 15   0.058   0.097   0.013
能出差                  10   0.039   0.065   0.009
人脉资源                  8   0.031   0.052   0.007
自律                    7   0.027   0.045   0.006
常用办公软件的使用             7   0.027   0.045   0.006
创新能力                  6   0.023   0.039   0.005
亲和力                   6   0.023   0.039   0.005
外语基础                  4   0.015   0.026   0.003
total  259
