名称             频数      频率      最高比率    相对比率    
常用办公软件的使用            73   0.849   1.000   0.125
美术能力                 69   0.802   0.945   0.119
设计能力                 66   0.767   0.904   0.113
专业素质良好               52   0.605   0.712   0.089
团队协作能力               48   0.558   0.658   0.082
沟通表达能力               38   0.442   0.521   0.065
创新能力                 32   0.372   0.438   0.055
领悟能力                 24   0.279   0.329   0.041
责任心                  23   0.267   0.315   0.040
逻辑思维能力               20   0.233   0.274   0.034
抗压能力                 19   0.221   0.260   0.033
工作激情                 15   0.174   0.205   0.026
学习能力                 14   0.163   0.192   0.024
上进心                  13   0.151   0.178   0.022
文案能力                 13   0.151   0.178   0.022
审美能力                 13   0.151   0.178   0.022
遵纪守法                 12   0.140   0.164   0.021
服务意识                  9   0.105   0.123   0.015
执行能力                  8   0.093   0.110   0.014
人脉资源                  6   0.070   0.082   0.010
形象气质佳                 4   0.047   0.055   0.007
领导能力                  3   0.035   0.041   0.005
自律                    1   0.012   0.014   0.002
能出差                   1   0.012   0.014   0.002
亲和力                   1   0.012   0.014   0.002
total  86
