名称             频数      频率      最高比率    相对比率    
逻辑思维能力               85   0.780   1.000   0.150
设计能力                 81   0.743   0.953   0.143
专业素质良好               57   0.523   0.671   0.101
团队协作能力               55   0.505   0.647   0.097
文案能力                 43   0.394   0.506   0.076
沟通表达能力               32   0.294   0.376   0.057
学习能力                 32   0.294   0.376   0.057
外语基础                 26   0.239   0.306   0.046
工作激情                 21   0.193   0.247   0.037
领悟能力                 20   0.183   0.235   0.035
遵纪守法                 19   0.174   0.224   0.034
责任心                  19   0.174   0.224   0.034
上进心                  17   0.156   0.200   0.030
常用办公软件的使用            14   0.128   0.165   0.025
抗压能力                  8   0.073   0.094   0.014
人脉资源                  7   0.064   0.082   0.012
领导能力                  6   0.055   0.071   0.011
执行能力                  6   0.055   0.071   0.011
美术能力                  4   0.037   0.047   0.007
创新能力                  3   0.028   0.035   0.005
能出差                   2   0.018   0.024   0.004
自律                    1   0.009   0.012   0.002
亲和力                   1   0.009   0.012   0.002
total  109
