名称             频数      频率      最高比率    相对比率    
设计能力                286   0.636   1.000   0.135
逻辑思维能力              249   0.553   0.871   0.118
服务意识                233   0.518   0.815   0.110
专业素质良好              220   0.489   0.769   0.104
团队协作能力              166   0.369   0.580   0.078
学习能力                141   0.313   0.493   0.067
沟通表达能力              140   0.311   0.490   0.066
上进心                 101   0.224   0.353   0.048
领悟能力                101   0.224   0.353   0.048
文案能力                 88   0.196   0.308   0.042
工作激情                 57   0.127   0.199   0.027
责任心                  50   0.111   0.175   0.024
遵纪守法                 30   0.067   0.105   0.014
外语基础                 30   0.067   0.105   0.014
抗压能力                 25   0.056   0.087   0.012
创新能力                 24   0.053   0.084   0.011
美术能力                 22   0.049   0.077   0.010
领导能力                 19   0.042   0.066   0.009
执行能力                 15   0.033   0.052   0.007
常用办公软件的使用            14   0.031   0.049   0.007
人脉资源                 11   0.024   0.038   0.005
自律                    5   0.011   0.017   0.002
亲和力                   5   0.011   0.017   0.002
形象气质佳                 1   0.002   0.003   0.000
total  450
