名称             频数      频率      最高比率    相对比率    
逻辑思维能力              135   0.567   1.000   0.126
设计能力                131   0.550   0.970   0.122
专业素质良好              110   0.462   0.815   0.102
团队协作能力               98   0.412   0.726   0.091
沟通表达能力               82   0.345   0.607   0.076
学习能力                 74   0.311   0.548   0.069
领悟能力                 60   0.252   0.444   0.056
上进心                  53   0.223   0.393   0.049
文案能力                 52   0.218   0.385   0.048
服务意识                 45   0.189   0.333   0.042
责任心                  31   0.130   0.230   0.029
工作激情                 28   0.118   0.207   0.026
创新能力                 27   0.113   0.200   0.025
领导能力                 27   0.113   0.200   0.025
遵纪守法                 25   0.105   0.185   0.023
抗压能力                 19   0.080   0.141   0.018
人脉资源                 10   0.042   0.074   0.009
执行能力                 10   0.042   0.074   0.009
自律                    8   0.034   0.059   0.007
外语基础                  7   0.029   0.052   0.007
常用办公软件的使用             7   0.029   0.052   0.007
能出差                   6   0.025   0.044   0.006
亲和力                   4   0.017   0.030   0.004
total  238
