名称             频数      频率      最高比率    相对比率    
逻辑思维能力                5   0.714   1.000   0.156
设计能力                  4   0.571   0.800   0.125
专业素质良好                3   0.429   0.600   0.094
学习能力                  3   0.429   0.600   0.094
沟通表达能力                3   0.429   0.600   0.094
上进心                   2   0.286   0.400   0.062
创新能力                  2   0.286   0.400   0.062
自律                    1   0.143   0.200   0.031
领导能力                  1   0.143   0.200   0.031
工作激情                  1   0.143   0.200   0.031
领悟能力                  1   0.143   0.200   0.031
团队协作能力                1   0.143   0.200   0.031
文案能力                  1   0.143   0.200   0.031
亲和力                   1   0.143   0.200   0.031
遵纪守法                  1   0.143   0.200   0.031
total  7
