名称             频数      频率      最高比率    相对比率    
设计能力                175   0.606   1.000   0.127
团队协作能力              147   0.509   0.840   0.106
沟通表达能力              125   0.433   0.714   0.090
专业素质良好              105   0.363   0.600   0.076
文案能力                100   0.346   0.571   0.072
逻辑思维能力               95   0.329   0.543   0.069
学习能力                 93   0.322   0.531   0.067
领悟能力                 86   0.298   0.491   0.062
责任心                  71   0.246   0.406   0.051
上进心                  69   0.239   0.394   0.050
服务意识                 51   0.176   0.291   0.037
抗压能力                 41   0.142   0.234   0.030
创新能力                 32   0.111   0.183   0.023
工作激情                 31   0.107   0.177   0.022
美术能力                 25   0.087   0.143   0.018
执行能力                 25   0.087   0.143   0.018
遵纪守法                 22   0.076   0.126   0.016
常用办公软件的使用            20   0.069   0.114   0.014
领导能力                  9   0.031   0.051   0.007
人脉资源                  7   0.024   0.040   0.005
外语基础                  6   0.021   0.034   0.004
亲和力                   6   0.021   0.034   0.004
审美能力                  4   0.014   0.023   0.003
自律                    2   0.007   0.011   0.001
能出差                   2   0.007   0.011   0.001
应变能力                  1   0.003   0.006   0.001
total  289
