名称             频数      频率      最高比率    相对比率    
沟通表达能力               45   0.763   1.000   0.125
服务意识                 42   0.712   0.933   0.117
团队协作能力               31   0.525   0.689   0.086
逻辑思维能力               31   0.525   0.689   0.086
专业素质良好               23   0.390   0.511   0.064
责任心                  23   0.390   0.511   0.064
学习能力                 21   0.356   0.467   0.058
抗压能力                 19   0.322   0.422   0.053
遵纪守法                 18   0.305   0.400   0.050
工作激情                 18   0.305   0.400   0.050
领导能力                 15   0.254   0.333   0.042
文案能力                  9   0.153   0.200   0.025
执行能力                  8   0.136   0.178   0.022
设计能力                  8   0.136   0.178   0.022
外语基础                  7   0.119   0.156   0.019
人脉资源                  7   0.119   0.156   0.019
亲和力                   7   0.119   0.156   0.019
能出差                   6   0.102   0.133   0.017
上进心                   4   0.068   0.089   0.011
常用办公软件的使用             4   0.068   0.089   0.011
创新能力                  3   0.051   0.067   0.008
领悟能力                  3   0.051   0.067   0.008
自律                    2   0.034   0.044   0.006
人际交往                  1   0.017   0.022   0.003
形象气质佳                 1   0.017   0.022   0.003
total  59
