名称             频数      频率      最高比率    相对比率    
设计能力                336   0.747   1.000   0.127
专业素质良好              307   0.682   0.914   0.116
团队协作能力              271   0.602   0.807   0.103
逻辑思维能力              255   0.567   0.759   0.097
沟通表达能力              218   0.484   0.649   0.083
学习能力                178   0.396   0.530   0.067
上进心                 164   0.364   0.488   0.062
文案能力                157   0.349   0.467   0.059
领悟能力                153   0.340   0.455   0.058
责任心                 120   0.267   0.357   0.045
工作激情                 68   0.151   0.202   0.026
抗压能力                 67   0.149   0.199   0.025
遵纪守法                 59   0.131   0.176   0.022
创新能力                 50   0.111   0.149   0.019
服务意识                 42   0.093   0.125   0.016
常用办公软件的使用            37   0.082   0.110   0.014
领导能力                 36   0.080   0.107   0.014
外语基础                 31   0.069   0.092   0.012
执行能力                 19   0.042   0.057   0.007
美术能力                  8   0.018   0.024   0.003
人脉资源                  6   0.013   0.018   0.002
亲和力                   6   0.013   0.018   0.002
自律                    5   0.011   0.015   0.002
审美能力                  3   0.007   0.009   0.001
能出差                   3   0.007   0.009   0.001
应变能力                  1   0.002   0.003   0.000
人际交往                  1   0.002   0.003   0.000
关注行业                  1   0.002   0.003   0.000
total  450
