名称             频数      频率      最高比率    相对比率    
服务意识                 29   0.707   1.000   0.134
沟通表达能力               23   0.561   0.793   0.106
专业素质良好               23   0.561   0.793   0.106
团队协作能力               21   0.512   0.724   0.097
责任心                  12   0.293   0.414   0.056
常用办公软件的使用            11   0.268   0.379   0.051
学习能力                 10   0.244   0.345   0.046
工作激情                 10   0.244   0.345   0.046
逻辑思维能力               10   0.244   0.345   0.046
遵纪守法                  9   0.220   0.310   0.042
上进心                   7   0.171   0.241   0.032
文案能力                  7   0.171   0.241   0.032
领悟能力                  7   0.171   0.241   0.032
抗压能力                  6   0.146   0.207   0.028
人脉资源                  5   0.122   0.172   0.023
领导能力                  4   0.098   0.138   0.019
执行能力                  4   0.098   0.138   0.019
外语基础                  3   0.073   0.103   0.014
设计能力                  3   0.073   0.103   0.014
亲和力                   3   0.073   0.103   0.014
自律                    2   0.049   0.069   0.009
能出差                   2   0.049   0.069   0.009
应变能力                  1   0.024   0.034   0.005
total  41
