名称             频数      频率      最高比率    相对比率    
设计能力                328   0.729   1.000   0.122
专业素质良好              261   0.580   0.796   0.097
逻辑思维能力              256   0.569   0.780   0.096
团队协作能力              236   0.524   0.720   0.088
文案能力                208   0.462   0.634   0.078
沟通表达能力              203   0.451   0.619   0.076
服务意识                173   0.384   0.527   0.065
学习能力                155   0.344   0.473   0.058
领悟能力                127   0.282   0.387   0.047
钻研能力                101   0.224   0.308   0.038
责任心                  95   0.211   0.290   0.035
抗压能力                 92   0.204   0.280   0.034
主动性                  72   0.160   0.220   0.027
领导能力                 60   0.133   0.183   0.022
常用办公软件的使用            54   0.120   0.165   0.020
思想品质                 54   0.120   0.165   0.020
其他                   35   0.078   0.107   0.013
良好的职业背景              29   0.064   0.088   0.011
执行能力                 28   0.062   0.085   0.010
创新能力                 28   0.062   0.085   0.010
工作激情                 18   0.040   0.055   0.007
上进心                  17   0.038   0.052   0.006
外语基础                 11   0.024   0.034   0.004
熟悉法律法规                7   0.016   0.021   0.003
能出差                   7   0.016   0.021   0.003
自我管理能力                5   0.011   0.015   0.002
性格好                   5   0.011   0.015   0.002
吃苦耐劳                  4   0.009   0.012   0.001
职业操守                  3   0.007   0.009   0.001
人脉资源                  2   0.004   0.006   0.001
公关能力                  2   0.004   0.006   0.001
应变能力                  1   0.002   0.003   0.000
形象气质佳                 1   0.002   0.003   0.000
时尚                    1   0.002   0.003   0.000
total  450
