名称             频数      频率      最高比率    相对比率    
团队协作能力              108   0.441   1.000   0.104
设计能力                107   0.437   0.991   0.103
专业素质良好              100   0.408   0.926   0.097
沟通表达能力               97   0.396   0.898   0.094
学习能力                 82   0.335   0.759   0.079
逻辑思维能力               81   0.331   0.750   0.078
服务意识                 54   0.220   0.500   0.052
其他                   53   0.216   0.491   0.051
钻研能力                 48   0.196   0.444   0.046
领悟能力                 46   0.188   0.426   0.044
文案能力                 42   0.171   0.389   0.041
责任心                  39   0.159   0.361   0.038
抗压能力                 30   0.122   0.278   0.029
主动性                  22   0.090   0.204   0.021
常用办公软件的使用            20   0.082   0.185   0.019
创新能力                 15   0.061   0.139   0.014
思想品质                 15   0.061   0.139   0.014
执行能力                 14   0.057   0.130   0.014
领导能力                 13   0.053   0.120   0.013
上进心                   7   0.029   0.065   0.007
自我管理能力                6   0.024   0.056   0.006
外语基础                  6   0.024   0.056   0.006
良好的职业背景               4   0.016   0.037   0.004
吃苦耐劳                  4   0.016   0.037   0.004
工作激情                  4   0.016   0.037   0.004
美术功底                  4   0.016   0.037   0.004
熟悉法律法规                3   0.012   0.028   0.003
性格好                   3   0.012   0.028   0.003
能出差                   3   0.012   0.028   0.003
职业操守                  2   0.008   0.019   0.002
审美能力                  1   0.004   0.009   0.001
公关能力                  1   0.004   0.009   0.001
人际交往能力                1   0.004   0.009   0.001
total  245
