名称             频数      频率      最高比率    相对比率    
团队协作能力              108   0.441   1.000   0.104
设计能力                107   0.437   0.991   0.103
专业素质良好              100   0.408   0.926   0.097
沟通表达能力               97   0.396   0.898   0.094
学习能力                 82   0.335   0.759   0.079
逻辑思维能力               81   0.331   0.750   0.078
上进心                  55   0.224   0.509   0.053
服务意识                 54   0.220   0.500   0.052
领悟能力                 46   0.188   0.426   0.044
文案能力                 42   0.171   0.389   0.041
责任心                  39   0.159   0.361   0.038
抗压能力                 34   0.139   0.315   0.033
工作激情                 26   0.106   0.241   0.025
遵纪守法                 20   0.082   0.185   0.019
常用办公软件的使用            20   0.082   0.185   0.019
创新能力                 15   0.061   0.139   0.014
执行能力                 14   0.057   0.130   0.014
领导能力                 13   0.053   0.120   0.013
外语基础                  6   0.024   0.056   0.006
自律                    6   0.024   0.056   0.006
人脉资源                  4   0.016   0.037   0.004
美术能力                  4   0.016   0.037   0.004
亲和力                   3   0.012   0.028   0.003
能出差                   3   0.012   0.028   0.003
人际交往                  2   0.008   0.019   0.002
审美能力                  1   0.004   0.009   0.001
total  245
