名称             频数      频率      最高比率    相对比率    
设计能力                328   0.729   1.000   0.122
专业素质良好              261   0.580   0.796   0.097
逻辑思维能力              256   0.569   0.780   0.096
团队协作能力              236   0.524   0.720   0.088
文案能力                208   0.462   0.634   0.078
沟通表达能力              203   0.451   0.619   0.076
服务意识                173   0.384   0.527   0.065
学习能力                155   0.344   0.473   0.058
领悟能力                127   0.282   0.387   0.047
上进心                 118   0.262   0.360   0.044
抗压能力                 96   0.213   0.293   0.036
责任心                  95   0.211   0.290   0.035
工作激情                 90   0.200   0.274   0.034
遵纪守法                 64   0.142   0.195   0.024
领导能力                 60   0.133   0.183   0.022
常用办公软件的使用            54   0.120   0.165   0.020
人脉资源                 31   0.069   0.095   0.012
创新能力                 28   0.062   0.085   0.010
执行能力                 28   0.062   0.085   0.010
外语基础                 11   0.024   0.034   0.004
能出差                   7   0.016   0.021   0.003
自律                    5   0.011   0.015   0.002
亲和力                   5   0.011   0.015   0.002
人际交往                  2   0.004   0.006   0.001
应变能力                  1   0.002   0.003   0.000
审美能力                  1   0.002   0.003   0.000
形象气质佳                 1   0.002   0.003   0.000
total  450
