名称             频数      频率      最高比率    相对比率    
设计能力                102   0.685   1.000   0.137
团队协作能力               77   0.517   0.755   0.103
逻辑思维能力               74   0.497   0.725   0.099
沟通表达能力               55   0.369   0.539   0.074
文案能力                 48   0.322   0.471   0.064
服务意识                 48   0.322   0.471   0.064
专业素质良好               44   0.295   0.431   0.059
责任心                  44   0.295   0.431   0.059
上进心                  36   0.242   0.353   0.048
学习能力                 36   0.242   0.353   0.048
抗压能力                 34   0.228   0.333   0.046
领悟能力                 30   0.201   0.294   0.040
遵纪守法                 27   0.181   0.265   0.036
领导能力                 26   0.174   0.255   0.035
工作激情                 21   0.141   0.206   0.028
人脉资源                  8   0.054   0.078   0.011
执行能力                  6   0.040   0.059   0.008
常用办公软件的使用             6   0.040   0.059   0.008
创新能力                  4   0.027   0.039   0.005
自律                    3   0.020   0.029   0.004
外语基础                  2   0.013   0.020   0.003
total  149
