名称             频数      频率      最高比率    相对比率    
设计能力                320   0.711   1.000   0.125
团队协作能力              268   0.596   0.838   0.105
文案能力                252   0.560   0.787   0.098
逻辑思维能力              243   0.540   0.759   0.095
沟通表达能力              237   0.527   0.741   0.093
专业素质良好              199   0.442   0.622   0.078
学习能力                145   0.322   0.453   0.057
责任心                 143   0.318   0.447   0.056
领悟能力                103   0.229   0.322   0.040
思想品质                 92   0.204   0.287   0.036
钻研能力                 87   0.193   0.272   0.034
抗压能力                 75   0.167   0.234   0.029
服务意识                 71   0.158   0.222   0.028
领导能力                 58   0.129   0.181   0.023
主动性                  58   0.129   0.181   0.023
其他                   43   0.096   0.134   0.017
上进心                  31   0.069   0.097   0.012
工作激情                 24   0.053   0.075   0.009
外语基础                 24   0.053   0.075   0.009
执行能力                 21   0.047   0.066   0.008
创新能力                 17   0.038   0.053   0.007
吃苦耐劳                 11   0.024   0.034   0.004
良好的职业背景               6   0.013   0.019   0.002
职业操守                  6   0.013   0.019   0.002
常用办公软件的使用             6   0.013   0.019   0.002
性格好                   6   0.013   0.019   0.002
熟悉法律法规                3   0.007   0.009   0.001
能出差                   3   0.007   0.009   0.001
时尚                    2   0.004   0.006   0.001
全局观                   2   0.004   0.006   0.001
自我管理能力                2   0.004   0.006   0.001
开拓精神                  1   0.002   0.003   0.000
形象气质佳                 1   0.002   0.003   0.000
total  450
