名称             频数      频率      最高比率    相对比率    
文案能力                 54   0.535   1.000   0.105
设计能力                 54   0.535   1.000   0.105
逻辑思维能力               47   0.465   0.870   0.092
沟通表达能力               46   0.455   0.852   0.090
专业素质良好               41   0.406   0.759   0.080
团队协作能力               35   0.347   0.648   0.068
责任心                  25   0.248   0.463   0.049
遵纪守法                 22   0.218   0.407   0.043
领悟能力                 22   0.218   0.407   0.043
学习能力                 20   0.198   0.370   0.039
服务意识                 20   0.198   0.370   0.039
抗压能力                 19   0.188   0.352   0.037
工作激情                 17   0.168   0.315   0.033
上进心                  15   0.149   0.278   0.029
领导能力                 14   0.139   0.259   0.027
外语基础                 11   0.109   0.204   0.021
创新能力                  8   0.079   0.148   0.016
执行能力                  8   0.079   0.148   0.016
能出差                   6   0.059   0.111   0.012
人脉资源                  4   0.040   0.074   0.008
常用办公软件的使用             4   0.040   0.074   0.008
亲和力                   4   0.040   0.074   0.008
自律                    2   0.020   0.037   0.004
应变能力                  1   0.010   0.019   0.002
total  101
