名称             频数      频率      最高比率    相对比率    
设计能力                 25   0.694   1.000   0.150
沟通表达能力               19   0.528   0.760   0.114
专业素质良好               16   0.444   0.640   0.096
团队协作能力               15   0.417   0.600   0.090
遵纪守法                 11   0.306   0.440   0.066
常用办公软件的使用            11   0.306   0.440   0.066
逻辑思维能力               11   0.306   0.440   0.066
抗压能力                  8   0.222   0.320   0.048
外语基础                  6   0.167   0.240   0.036
工作激情                  6   0.167   0.240   0.036
责任心                   6   0.167   0.240   0.036
文案能力                  5   0.139   0.200   0.030
领悟能力                  4   0.111   0.160   0.024
学习能力                  3   0.083   0.120   0.018
执行能力                  3   0.083   0.120   0.018
亲和力                   3   0.083   0.120   0.018
上进心                   2   0.056   0.080   0.012
创新能力                  2   0.056   0.080   0.012
应变能力                  1   0.028   0.040   0.006
人脉资源                  1   0.028   0.040   0.006
领导能力                  1   0.028   0.040   0.006
能出差                   1   0.028   0.040   0.006
total  36
