名称             频数      频率      最高比率    相对比率    
设计能力                338   0.751   1.000   0.133
团队协作能力              263   0.584   0.778   0.103
逻辑思维能力              262   0.582   0.775   0.103
专业素质良好              218   0.484   0.645   0.086
沟通表达能力              206   0.458   0.609   0.081
文案能力                203   0.451   0.601   0.080
学习能力                162   0.360   0.479   0.064
服务意识                141   0.313   0.417   0.055
上进心                 117   0.260   0.346   0.046
责任心                 112   0.249   0.331   0.044
工作激情                 90   0.200   0.266   0.035
领悟能力                 76   0.169   0.225   0.030
抗压能力                 65   0.144   0.192   0.026
遵纪守法                 53   0.118   0.157   0.021
领导能力                 47   0.104   0.139   0.018
执行能力                 34   0.076   0.101   0.013
创新能力                 27   0.060   0.080   0.011
常用办公软件的使用            24   0.053   0.071   0.009
外语基础                 21   0.047   0.062   0.008
亲和力                  13   0.029   0.038   0.005
人脉资源                  8   0.018   0.024   0.003
自律                    8   0.018   0.024   0.003
能出差                   5   0.011   0.015   0.002
审美能力                  1   0.002   0.003   0.000
total  450
