名称             频数      频率      最高比率    相对比率    
设计能力                260   0.578   1.000   0.118
逻辑思维能力              255   0.567   0.981   0.116
团队协作能力              210   0.467   0.808   0.095
专业素质良好              193   0.429   0.742   0.087
沟通表达能力              168   0.373   0.646   0.076
学习能力                159   0.353   0.612   0.072
服务意识                159   0.353   0.612   0.072
上进心                 113   0.251   0.435   0.051
文案能力                 94   0.209   0.362   0.043
责任心                  92   0.204   0.354   0.042
工作激情                 83   0.184   0.319   0.038
领悟能力                 78   0.173   0.300   0.035
抗压能力                 49   0.109   0.188   0.022
遵纪守法                 45   0.100   0.173   0.020
创新能力                 31   0.069   0.119   0.014
领导能力                 25   0.056   0.096   0.011
外语基础                 23   0.051   0.088   0.010
常用办公软件的使用            23   0.051   0.088   0.010
执行能力                 19   0.042   0.073   0.009
自律                   18   0.040   0.069   0.008
人脉资源                 13   0.029   0.050   0.006
亲和力                   7   0.016   0.027   0.003
能出差                   6   0.013   0.023   0.003
美术能力                  5   0.011   0.019   0.002
形象气质佳                 2   0.004   0.008   0.001
人际交往                  1   0.002   0.004   0.000
total  450
