名称             频数      频率      最高比率    相对比率    
团队协作能力               42   0.347   0.808   0.093
学习能力                 40   0.331   0.769   0.088
设计能力                 40   0.331   0.769   0.088
专业素质良好               39   0.322   0.750   0.086
逻辑思维能力               33   0.273   0.635   0.073
沟通表达能力               32   0.264   0.615   0.071
文案能力                 24   0.198   0.462   0.053
责任心                  20   0.165   0.385   0.044
上进心                  19   0.157   0.365   0.042
领悟能力                 17   0.140   0.327   0.038
服务意识                 17   0.140   0.327   0.038
外语基础                 15   0.124   0.288   0.033
工作激情                 15   0.124   0.288   0.033
创新能力                 11   0.091   0.212   0.024
遵纪守法                  9   0.074   0.173   0.020
领导能力                  8   0.066   0.154   0.018
审美能力                  4   0.033   0.077   0.009
常用办公软件的使用             4   0.033   0.077   0.009
抗压能力                  4   0.033   0.077   0.009
应变能力                  2   0.017   0.038   0.004
自律                    2   0.017   0.038   0.004
能出差                   2   0.017   0.038   0.004
人脉资源                  1   0.008   0.019   0.002
执行能力                  1   0.008   0.019   0.002
total  121
