名称             频数      频率      最高比率    相对比率    
逻辑思维能力              410   0.913   1.000   0.137
沟通表达能力              274   0.610   0.668   0.092
团队协作能力              246   0.548   0.600   0.082
创新能力                240   0.535   0.585   0.080
文案能力                204   0.454   0.498   0.068
常用办公软件的使用           191   0.425   0.466   0.064
执行能力                187   0.416   0.456   0.062
责任心                 180   0.401   0.439   0.060
专业素质良好              165   0.367   0.402   0.055
学习能力                142   0.316   0.346   0.047
遵纪守法                134   0.298   0.327   0.045
抗压能力                117   0.261   0.285   0.039
工作激情                 97   0.216   0.237   0.032
领悟能力                 74   0.165   0.180   0.025
设计能力                 63   0.140   0.154   0.021
领导能力                 59   0.131   0.144   0.020
服务意识                 41   0.091   0.100   0.014
外语基础                 38   0.085   0.093   0.013
上进心                  32   0.071   0.078   0.011
人脉资源                 23   0.051   0.056   0.008
亲和力                  22   0.049   0.054   0.007
自律                   10   0.022   0.024   0.003
人际交往                  7   0.016   0.017   0.002
形象气质佳                 6   0.013   0.015   0.002
审美能力                  5   0.011   0.012   0.002
美术能力                  3   0.007   0.007   0.001
应变能力                  2   0.004   0.005   0.001
关注行业                  2   0.004   0.005   0.001
total  449
