名称             频数      频率      最高比率    相对比率    
设计能力                  4   0.444   0.800   0.174
领悟能力                  2   0.222   0.400   0.087
文案能力                  2   0.222   0.400   0.087
专业素质良好                2   0.222   0.400   0.087
逻辑思维能力                2   0.222   0.400   0.087
学习能力                  1   0.111   0.200   0.043
领导能力                  1   0.111   0.200   0.043
执行能力                  1   0.111   0.200   0.043
沟通表达能力                1   0.111   0.200   0.043
团队协作能力                1   0.111   0.200   0.043
服务意识                  1   0.111   0.200   0.043
total  9
