名称             频数      频率      最高比率    相对比率    
沟通表达能力            41633   0.603   1.000   0.096
逻辑思维能力            39349   0.570   0.945   0.091
团队协作能力            39217   0.568   0.942   0.091
专业素质良好            28461   0.412   0.684   0.066
设计能力              27698   0.401   0.665   0.064
遵纪守法              20944   0.303   0.503   0.049
文案能力              20194   0.293   0.485   0.047
学习能力              19582   0.284   0.470   0.045
责任心               17888   0.259   0.430   0.041
工作激情              17204   0.249   0.413   0.040
抗压能力              17076   0.247   0.410   0.040
执行能力              16275   0.236   0.391   0.038
领悟能力              14896   0.216   0.358   0.035
创新能力              14555   0.211   0.350   0.034
常用办公软件的使用         13983   0.203   0.336   0.032
服务意识              13545   0.196   0.325   0.031
领导能力              12685   0.184   0.305   0.029
上进心               11058   0.160   0.266   0.026
美术能力               7395   0.107   0.178   0.017
人脉资源               6476   0.094   0.156   0.015
亲和力                6282   0.091   0.151   0.015
外语基础               4587   0.066   0.110   0.011
形象气质佳              2798   0.041   0.067   0.006
能出差                2457   0.036   0.059   0.006
人际交往               2401   0.035   0.058   0.006
审美能力               2397   0.035   0.058   0.006
应变能力               1990   0.029   0.048   0.005
自律                 1929   0.028   0.046   0.004
关注行业                301   0.004   0.007   0.001
全局观                 107   0.002   0.003   0.000
total  69016
