名称             频数      频率      最高比率    相对比率    
团队协作能力              284   0.631   1.000   0.108
设计能力                278   0.618   0.979   0.105
逻辑思维能力              277   0.616   0.975   0.105
专业素质良好              259   0.576   0.912   0.098
沟通表达能力              237   0.527   0.835   0.090
美术能力                192   0.427   0.676   0.073
责任心                 134   0.298   0.472   0.051
文案能力                125   0.278   0.440   0.047
学习能力                124   0.276   0.437   0.047
领悟能力                100   0.222   0.352   0.038
抗压能力                 99   0.220   0.349   0.037
遵纪守法                 87   0.193   0.306   0.033
上进心                  83   0.184   0.292   0.031
工作激情                 82   0.182   0.289   0.031
领导能力                 60   0.133   0.211   0.023
执行能力                 40   0.089   0.141   0.015
外语基础                 39   0.087   0.137   0.015
服务意识                 38   0.084   0.134   0.014
创新能力                 20   0.044   0.070   0.008
常用办公软件的使用            15   0.033   0.053   0.006
自律                   13   0.029   0.046   0.005
审美能力                 10   0.022   0.035   0.004
人脉资源                  7   0.016   0.025   0.003
亲和力                   5   0.011   0.018   0.002
能出差                   2   0.004   0.007   0.001
total  450
