名称             频数      频率      最高比率    相对比率    
美术能力                 82   1.093   1.000   0.144
设计能力                 70   0.933   0.854   0.123
团队协作能力               45   0.600   0.549   0.079
沟通表达能力               43   0.573   0.524   0.076
常用办公软件的使用            40   0.533   0.488   0.070
逻辑思维能力               39   0.520   0.476   0.069
创新能力                 37   0.493   0.451   0.065
专业素质良好               34   0.453   0.415   0.060
领悟能力                 29   0.387   0.354   0.051
审美能力                 17   0.227   0.207   0.030
学习能力                 17   0.227   0.207   0.030
工作激情                 17   0.227   0.207   0.030
遵纪守法                 15   0.200   0.183   0.026
责任心                  15   0.200   0.183   0.026
执行能力                 12   0.160   0.146   0.021
抗压能力                 12   0.160   0.146   0.021
领导能力                 10   0.133   0.122   0.018
上进心                   8   0.107   0.098   0.014
文案能力                  4   0.053   0.049   0.007
人脉资源                  4   0.053   0.049   0.007
形象气质佳                 3   0.040   0.037   0.005
亲和力                   3   0.040   0.037   0.005
应变能力                  2   0.027   0.024   0.004
关注行业                  2   0.027   0.024   0.004
服务意识                  2   0.027   0.024   0.004
外语基础                  1   0.013   0.012   0.002
自律                    1   0.013   0.012   0.002
total  75
