名称             频数      频率      最高比率    相对比率    
专业素质良好                6   0.750   1.000   0.122
工作激情                  4   0.500   0.667   0.082
团队协作能力                4   0.500   0.667   0.082
文案能力                  4   0.500   0.667   0.082
抗压能力                  4   0.500   0.667   0.082
沟通表达能力                4   0.500   0.667   0.082
逻辑思维能力                4   0.500   0.667   0.082
学习能力                  3   0.375   0.500   0.061
领导能力                  3   0.375   0.500   0.061
设计能力                  2   0.250   0.333   0.041
亲和力                   2   0.250   0.333   0.041
上进心                   2   0.250   0.333   0.041
责任心                   2   0.250   0.333   0.041
遵纪守法                  1   0.125   0.167   0.020
领悟能力                  1   0.125   0.167   0.020
常用办公软件的使用             1   0.125   0.167   0.020
服务意识                  1   0.125   0.167   0.020
人脉资源                  1   0.125   0.167   0.020
total  8
