名称             频数      频率      最高比率    相对比率    
设计能力                254   0.564   1.000   0.122
团队协作能力              227   0.504   0.894   0.109
沟通表达能力              195   0.433   0.768   0.093
逻辑思维能力              168   0.373   0.661   0.080
学习能力                160   0.356   0.630   0.077
专业素质良好              154   0.342   0.606   0.074
领悟能力                150   0.333   0.591   0.072
上进心                 118   0.262   0.465   0.057
文案能力                116   0.258   0.457   0.056
责任心                  73   0.162   0.287   0.035
服务意识                 68   0.151   0.268   0.033
工作激情                 63   0.140   0.248   0.030
抗压能力                 48   0.107   0.189   0.023
遵纪守法                 31   0.069   0.122   0.015
常用办公软件的使用            31   0.069   0.122   0.015
执行能力                 30   0.067   0.118   0.014
领导能力                 29   0.064   0.114   0.014
创新能力                 27   0.060   0.106   0.013
美术能力                 20   0.044   0.079   0.010
外语基础                 12   0.027   0.047   0.006
亲和力                  12   0.027   0.047   0.006
人脉资源                 10   0.022   0.039   0.005
审美能力                  7   0.016   0.028   0.003
能出差                   5   0.011   0.020   0.002
自律                    3   0.007   0.012   0.001
应变能力                  1   0.002   0.004   0.000
total  450
