名称             频数      频率      最高比率    相对比率    
逻辑思维能力               16   0.593   1.000   0.137
领悟能力                 12   0.444   0.750   0.103
服务意识                 10   0.370   0.625   0.085
专业素质良好               10   0.370   0.625   0.085
设计能力                  9   0.333   0.562   0.077
文案能力                  9   0.333   0.562   0.077
团队协作能力                8   0.296   0.500   0.068
沟通表达能力                8   0.296   0.500   0.068
责任心                   6   0.222   0.375   0.051
学习能力                  5   0.185   0.312   0.043
遵纪守法                  5   0.185   0.312   0.043
常用办公软件的使用             4   0.148   0.250   0.034
抗压能力                  4   0.148   0.250   0.034
执行能力                  3   0.111   0.188   0.026
上进心                   3   0.111   0.188   0.026
工作激情                  2   0.074   0.125   0.017
领导能力                  1   0.037   0.062   0.009
能出差                   1   0.037   0.062   0.009
人脉资源                  1   0.037   0.062   0.009
total  27
