名称             频数      频率      最高比率    相对比率    
遵纪守法                 80   0.684   1.000   0.109
文案能力                 79   0.675   0.988   0.108
沟通表达能力               76   0.650   0.950   0.104
逻辑思维能力               72   0.615   0.900   0.098
团队协作能力               60   0.513   0.750   0.082
专业素质良好               56   0.479   0.700   0.076
外语基础                 47   0.402   0.588   0.064
学习能力                 35   0.299   0.438   0.048
责任心                  32   0.274   0.400   0.044
领导能力                 23   0.197   0.287   0.031
工作激情                 23   0.197   0.287   0.031
领悟能力                 20   0.171   0.250   0.027
常用办公软件的使用            18   0.154   0.225   0.025
抗压能力                 17   0.145   0.212   0.023
人脉资源                 14   0.120   0.175   0.019
创新能力                 14   0.120   0.175   0.019
服务意识                 14   0.120   0.175   0.019
上进心                  12   0.103   0.150   0.016
亲和力                   8   0.068   0.100   0.011
执行能力                  7   0.060   0.087   0.010
人际交往                  6   0.051   0.075   0.008
设计能力                  6   0.051   0.075   0.008
形象气质佳                 3   0.026   0.037   0.004
能出差                   2   0.017   0.025   0.003
total  117
