名称             频数      频率      最高比率    相对比率    
设计能力                403   0.896   1.000   0.127
逻辑思维能力              330   0.733   0.819   0.104
沟通表达能力              321   0.713   0.797   0.101
团队协作能力              287   0.638   0.712   0.090
美术能力                218   0.484   0.541   0.068
领悟能力                182   0.404   0.452   0.057
专业素质良好              179   0.398   0.444   0.056
工作激情                170   0.378   0.422   0.053
创新能力                167   0.371   0.414   0.052
学习能力                108   0.240   0.268   0.034
常用办公软件的使用           107   0.238   0.266   0.034
文案能力                 85   0.189   0.211   0.027
执行能力                 84   0.187   0.208   0.026
上进心                  73   0.162   0.181   0.023
责任心                  71   0.158   0.176   0.022
抗压能力                 69   0.153   0.171   0.022
遵纪守法                 57   0.127   0.141   0.018
领导能力                 49   0.109   0.122   0.015
审美能力                 38   0.084   0.094   0.012
人脉资源                 34   0.076   0.084   0.011
外语基础                 28   0.062   0.069   0.009
自律                   26   0.058   0.065   0.008
服务意识                 16   0.036   0.040   0.005
亲和力                  13   0.029   0.032   0.004
形象气质佳                10   0.022   0.025   0.003
关注行业                  8   0.018   0.020   0.003
能出差                   5   0.011   0.012   0.002
全局观                   4   0.009   0.010   0.001
应变能力                  2   0.004   0.005   0.001
total  450
