名称             频数      频率      最高比率    相对比率    
逻辑思维能力              102   0.773   1.000   0.136
学习能力                 81   0.614   0.794   0.108
专业素质良好               80   0.606   0.784   0.107
抗压能力                 72   0.545   0.706   0.096
遵纪守法                 71   0.538   0.696   0.095
执行能力                 69   0.523   0.676   0.092
责任心                  61   0.462   0.598   0.081
团队协作能力               45   0.341   0.441   0.060
沟通表达能力               27   0.205   0.265   0.036
领悟能力                 25   0.189   0.245   0.033
上进心                  17   0.129   0.167   0.023
文案能力                 14   0.106   0.137   0.019
工作激情                 12   0.091   0.118   0.016
服务意识                 12   0.091   0.118   0.016
人脉资源                 11   0.083   0.108   0.015
领导能力                 11   0.083   0.108   0.015
创新能力                  8   0.061   0.078   0.011
常用办公软件的使用             7   0.053   0.069   0.009
设计能力                  6   0.045   0.059   0.008
亲和力                   5   0.038   0.049   0.007
应变能力                  2   0.015   0.020   0.003
外语基础                  2   0.015   0.020   0.003
自律                    2   0.015   0.020   0.003
total  132
