名称             频数      频率      最高比率    相对比率    
团队协作能力               67   0.684   1.000   0.113
逻辑思维能力               60   0.612   0.896   0.102
沟通表达能力               57   0.582   0.851   0.096
设计能力                 54   0.551   0.806   0.091
专业素质良好               42   0.429   0.627   0.071
创新能力                 27   0.276   0.403   0.046
执行能力                 27   0.276   0.403   0.046
责任心                  27   0.276   0.403   0.046
上进心                  24   0.245   0.358   0.041
领导能力                 23   0.235   0.343   0.039
服务意识                 23   0.235   0.343   0.039
抗压能力                 21   0.214   0.313   0.036
学习能力                 20   0.204   0.299   0.034
领悟能力                 20   0.204   0.299   0.034
工作激情                 19   0.194   0.284   0.032
文案能力                 18   0.184   0.269   0.030
遵纪守法                 13   0.133   0.194   0.022
常用办公软件的使用             7   0.071   0.104   0.012
人脉资源                  5   0.051   0.075   0.008
亲和力                   5   0.051   0.075   0.008
形象气质佳                 3   0.031   0.045   0.005
外语基础                  3   0.031   0.045   0.005
全局观                   2   0.020   0.030   0.003
美术能力                  2   0.020   0.030   0.003
自律                    2   0.020   0.030   0.003
能出差                   2   0.020   0.030   0.003
应变能力                  1   0.010   0.015   0.002
total  98
