名称             频数      频率      最高比率    相对比率    
逻辑思维能力              387   0.860   1.000   0.118
设计能力                378   0.840   0.977   0.115
沟通表达能力              357   0.793   0.922   0.109
团队协作能力              301   0.669   0.778   0.092
文案能力                206   0.458   0.532   0.063
专业素质良好              206   0.458   0.532   0.063
创新能力                149   0.331   0.385   0.045
领悟能力                147   0.327   0.380   0.045
执行能力                145   0.322   0.375   0.044
抗压能力                141   0.313   0.364   0.043
责任心                 118   0.262   0.305   0.036
学习能力                112   0.249   0.289   0.034
领导能力                110   0.244   0.284   0.034
工作激情                105   0.233   0.271   0.032
常用办公软件的使用            73   0.162   0.189   0.022
上进心                  51   0.113   0.132   0.016
遵纪守法                 51   0.113   0.132   0.016
服务意识                 47   0.104   0.121   0.014
人脉资源                 46   0.102   0.119   0.014
自律                   26   0.058   0.067   0.008
审美能力                 19   0.042   0.049   0.006
外语基础                 18   0.040   0.047   0.005
美术能力                 17   0.038   0.044   0.005
亲和力                  17   0.038   0.044   0.005
应变能力                 10   0.022   0.026   0.003
关注行业                  8   0.018   0.021   0.002
能出差                   4   0.009   0.010   0.001
全局观                   3   0.007   0.008   0.001
形象气质佳                 3   0.007   0.008   0.001
人际交往                  1   0.002   0.003   0.000
total  450
