名称             频数      频率      最高比率    相对比率    
遵纪守法                348   0.773   1.000   0.128
沟通表达能力              315   0.700   0.905   0.116
团队协作能力              211   0.469   0.606   0.078
执行能力                183   0.407   0.526   0.067
逻辑思维能力              160   0.356   0.460   0.059
亲和力                 160   0.356   0.460   0.059
常用办公软件的使用           156   0.347   0.448   0.057
责任心                 152   0.338   0.437   0.056
工作激情                151   0.336   0.434   0.056
抗压能力                125   0.278   0.359   0.046
专业素质良好              117   0.260   0.336   0.043
学习能力                 80   0.178   0.230   0.029
文案能力                 73   0.162   0.210   0.027
领导能力                 73   0.162   0.210   0.027
创新能力                 66   0.147   0.190   0.024
服务意识                 55   0.122   0.158   0.020
形象气质佳                41   0.091   0.118   0.015
人脉资源                 40   0.089   0.115   0.015
领悟能力                 38   0.084   0.109   0.014
应变能力                 31   0.069   0.089   0.011
上进心                  28   0.062   0.080   0.010
设计能力                 21   0.047   0.060   0.008
人际交往                 20   0.044   0.057   0.007
外语基础                 18   0.040   0.052   0.007
自律                    6   0.013   0.017   0.002
能出差                   5   0.011   0.014   0.002
关注行业                  1   0.002   0.003   0.000
美术能力                  1   0.002   0.003   0.000
total  450
