名称             频数      频率      最高比率    相对比率    
工作激情                  6   0.667   1.000   0.133
遵纪守法                  6   0.667   1.000   0.133
团队协作能力                5   0.556   0.833   0.111
执行能力                  3   0.333   0.500   0.067
常用办公软件的使用             3   0.333   0.500   0.067
抗压能力                  3   0.333   0.500   0.067
沟通表达能力                3   0.333   0.500   0.067
逻辑思维能力                3   0.333   0.500   0.067
上进心                   2   0.222   0.333   0.044
文案能力                  2   0.222   0.333   0.044
专业素质良好                2   0.222   0.333   0.044
责任心                   2   0.222   0.333   0.044
领导能力                  1   0.111   0.167   0.022
设计能力                  1   0.111   0.167   0.022
服务意识                  1   0.111   0.167   0.022
学习能力                  1   0.111   0.167   0.022
total  9
