名称             频数      频率      最高比率    相对比率    
遵纪守法                538   1.196   1.000   0.197
常用办公软件的使用           284   0.631   0.528   0.104
沟通表达能力              258   0.573   0.480   0.095
逻辑思维能力              252   0.560   0.468   0.092
专业素质良好              238   0.529   0.442   0.087
团队协作能力              194   0.431   0.361   0.071
责任心                 185   0.411   0.344   0.068
执行能力                125   0.278   0.232   0.046
抗压能力                117   0.260   0.217   0.043
学习能力                106   0.236   0.197   0.039
工作激情                 92   0.204   0.171   0.034
领导能力                 64   0.142   0.119   0.023
上进心                  50   0.111   0.093   0.018
服务意识                 34   0.076   0.063   0.012
亲和力                  33   0.073   0.061   0.012
文案能力                 25   0.056   0.046   0.009
领悟能力                 24   0.053   0.045   0.009
人脉资源                 18   0.040   0.033   0.007
外语基础                 17   0.038   0.032   0.006
创新能力                  9   0.020   0.017   0.003
应变能力                  6   0.013   0.011   0.002
能出差                   5   0.011   0.009   0.002
设计能力                  5   0.011   0.009   0.002
人际交往                  3   0.007   0.006   0.001
形象气质佳                 3   0.007   0.006   0.001
自律                    1   0.002   0.002   0.000
美术能力                  1   0.002   0.002   0.000
total  450
