名称             频数      频率      最高比率    相对比率    
设计能力                 74   0.540   1.000   0.115
专业素质良好               70   0.511   0.946   0.109
逻辑思维能力               55   0.401   0.743   0.085
学习能力                 53   0.387   0.716   0.082
服务意识                 49   0.358   0.662   0.076
团队协作能力               48   0.350   0.649   0.075
上进心                  45   0.328   0.608   0.070
沟通表达能力               43   0.314   0.581   0.067
领悟能力                 25   0.182   0.338   0.039
文案能力                 24   0.175   0.324   0.037
工作激情                 22   0.161   0.297   0.034
责任心                  16   0.117   0.216   0.025
遵纪守法                 12   0.088   0.162   0.019
自律                   11   0.080   0.149   0.017
领导能力                 11   0.080   0.149   0.017
创新能力                 10   0.073   0.135   0.016
外语基础                  8   0.058   0.108   0.012
亲和力                   7   0.051   0.095   0.011
抗压能力                  6   0.044   0.081   0.009
常用办公软件的使用             5   0.036   0.068   0.008
美术能力                  4   0.029   0.054   0.006
审美能力                  2   0.015   0.027   0.003
人脉资源                  2   0.015   0.027   0.003
执行能力                  2   0.015   0.027   0.003
能出差                   1   0.007   0.014   0.002
total  137
