名称             频数      频率      最高比率    相对比率    
遵纪守法                543   1.207   1.000   0.239
常用办公软件的使用           261   0.580   0.481   0.115
专业素质良好              227   0.504   0.418   0.100
责任心                 222   0.493   0.409   0.098
沟通表达能力              214   0.476   0.394   0.094
团队协作能力              182   0.404   0.335   0.080
学习能力                112   0.249   0.206   0.049
逻辑思维能力               78   0.173   0.144   0.034
工作激情                 74   0.164   0.136   0.033
抗压能力                 74   0.164   0.136   0.033
执行能力                 71   0.158   0.131   0.031
亲和力                  31   0.069   0.057   0.014
服务意识                 25   0.056   0.046   0.011
上进心                  23   0.051   0.042   0.010
领悟能力                 18   0.040   0.033   0.008
文案能力                 17   0.038   0.031   0.007
外语基础                 15   0.033   0.028   0.007
领导能力                 11   0.024   0.020   0.005
能出差                   7   0.016   0.013   0.003
人脉资源                  6   0.013   0.011   0.003
应变能力                  5   0.011   0.009   0.002
自律                    5   0.011   0.009   0.002
人际交往                  4   0.009   0.007   0.002
创新能力                  3   0.007   0.006   0.001
形象气质佳                 2   0.004   0.004   0.001
审美能力                  1   0.002   0.002   0.000
total  450
