名称             频数      频率      最高比率    相对比率    
亲和力                 328   0.729   1.000   0.122
沟通表达能力              312   0.693   0.951   0.116
形象气质佳               310   0.689   0.945   0.115
常用办公软件的使用           304   0.676   0.927   0.113
遵纪守法                247   0.549   0.753   0.092
责任心                 190   0.422   0.579   0.071
服务意识                178   0.396   0.543   0.066
工作激情                153   0.340   0.466   0.057
团队协作能力              130   0.289   0.396   0.048
执行能力                112   0.249   0.341   0.042
抗压能力                 56   0.124   0.171   0.021
文案能力                 53   0.118   0.162   0.020
专业素质良好               49   0.109   0.149   0.018
学习能力                 33   0.073   0.101   0.012
逻辑思维能力               31   0.069   0.095   0.012
能出差                  30   0.067   0.091   0.011
应变能力                 29   0.064   0.088   0.011
领导能力                 26   0.058   0.079   0.010
外语基础                 21   0.047   0.064   0.008
领悟能力                 20   0.044   0.061   0.007
上进心                  14   0.031   0.043   0.005
人际交往                  9   0.020   0.027   0.003
人脉资源                  4   0.009   0.012   0.001
创新能力                  4   0.009   0.012   0.001
自律                    4   0.009   0.012   0.001
设计能力                  3   0.007   0.009   0.001
美术能力                  2   0.004   0.006   0.001
total  450
