名称             频数      频率      最高比率    相对比率    
团队协作能力              265   0.589   1.000   0.119
设计能力                241   0.536   0.909   0.108
专业素质良好              201   0.447   0.758   0.090
沟通表达能力              185   0.411   0.698   0.083
学习能力                171   0.380   0.645   0.077
逻辑思维能力              161   0.358   0.608   0.072
领悟能力                155   0.344   0.585   0.070
上进心                 151   0.336   0.570   0.068
文案能力                102   0.227   0.385   0.046
服务意识                 87   0.193   0.328   0.039
责任心                  74   0.164   0.279   0.033
工作激情                 67   0.149   0.253   0.030
抗压能力                 49   0.109   0.185   0.022
遵纪守法                 36   0.080   0.136   0.016
领导能力                 35   0.078   0.132   0.016
执行能力                 33   0.073   0.125   0.015
创新能力                 28   0.062   0.106   0.013
美术能力                 28   0.062   0.106   0.013
常用办公软件的使用            23   0.051   0.087   0.010
亲和力                  22   0.049   0.083   0.010
人脉资源                 20   0.044   0.075   0.009
外语基础                 13   0.029   0.049   0.006
审美能力                 11   0.024   0.042   0.005
自律                    6   0.013   0.023   0.003
应变能力                  2   0.004   0.008   0.001
人际交往                  2   0.004   0.008   0.001
total  450
