名称             频数      频率      最高比率    相对比率    
团队协作能力               25   0.806   1.000   0.131
逻辑思维能力               19   0.613   0.760   0.099
沟通表达能力               17   0.548   0.680   0.089
创新能力                 15   0.484   0.600   0.079
领导能力                 15   0.484   0.600   0.079
执行能力                 12   0.387   0.480   0.063
工作激情                  9   0.290   0.360   0.047
抗压能力                  9   0.290   0.360   0.047
学习能力                  6   0.194   0.240   0.031
专业素质良好                6   0.194   0.240   0.031
外语基础                  5   0.161   0.200   0.026
责任心                   5   0.161   0.200   0.026
上进心                   4   0.129   0.160   0.021
应变能力                  4   0.129   0.160   0.021
人脉资源                  4   0.129   0.160   0.021
遵纪守法                  4   0.129   0.160   0.021
文案能力                  4   0.129   0.160   0.021
领悟能力                  4   0.129   0.160   0.021
常用办公软件的使用             4   0.129   0.160   0.021
服务意识                  4   0.129   0.160   0.021
设计能力                  4   0.129   0.160   0.021
人际交往                  2   0.065   0.080   0.010
形象气质佳                 2   0.065   0.080   0.010
能出差                   2   0.065   0.080   0.010
亲和力                   2   0.065   0.080   0.010
total  31
