名称             频数      频率      最高比率    相对比率    
逻辑思维能力              102   0.713   1.000   0.104
文案能力                 95   0.664   0.931   0.097
设计能力                 92   0.643   0.902   0.094
沟通表达能力               91   0.636   0.892   0.093
执行能力                 86   0.601   0.843   0.088
专业素质良好               81   0.566   0.794   0.083
团队协作能力               71   0.497   0.696   0.072
学习能力                 64   0.448   0.627   0.065
遵纪守法                 54   0.378   0.529   0.055
责任心                  44   0.308   0.431   0.045
领悟能力                 35   0.245   0.343   0.036
工作激情                 32   0.224   0.314   0.033
抗压能力                 31   0.217   0.304   0.032
服务意识                 21   0.147   0.206   0.021
上进心                  15   0.105   0.147   0.015
领导能力                 12   0.084   0.118   0.012
外语基础                  9   0.063   0.088   0.009
常用办公软件的使用             8   0.056   0.078   0.008
创新能力                  7   0.049   0.069   0.007
人脉资源                  4   0.028   0.039   0.004
能出差                   4   0.028   0.039   0.004
亲和力                   4   0.028   0.039   0.004
自律                    3   0.021   0.029   0.003
审美能力                  1   0.007   0.010   0.001
美术能力                  1   0.007   0.010   0.001
total  143
