名称             频数      频率      最高比率    相对比率    
设计能力                 54   0.711   1.000   0.127
专业素质良好               52   0.684   0.963   0.123
文案能力                 41   0.539   0.759   0.097
团队协作能力               40   0.526   0.741   0.094
沟通表达能力               39   0.513   0.722   0.092
逻辑思维能力               36   0.474   0.667   0.085
工作激情                 29   0.382   0.537   0.068
外语基础                 18   0.237   0.333   0.042
学习能力                 17   0.224   0.315   0.040
抗压能力                 16   0.211   0.296   0.038
责任心                  15   0.197   0.278   0.035
上进心                  11   0.145   0.204   0.026
遵纪守法                 11   0.145   0.204   0.026
创新能力                  9   0.118   0.167   0.021
常用办公软件的使用             8   0.105   0.148   0.019
亲和力                   7   0.092   0.130   0.017
领导能力                  6   0.079   0.111   0.014
人脉资源                  3   0.039   0.056   0.007
领悟能力                  3   0.039   0.056   0.007
自律                    2   0.026   0.037   0.005
执行能力                  2   0.026   0.037   0.005
能出差                   2   0.026   0.037   0.005
total  76
