名称             频数      频率      最高比率    相对比率    
遵纪守法                238   1.202   1.000   0.179
沟通表达能力              167   0.843   0.702   0.126
逻辑思维能力              121   0.611   0.508   0.091
团队协作能力              107   0.540   0.450   0.081
文案能力                101   0.510   0.424   0.076
专业素质良好               86   0.434   0.361   0.065
责任心                  68   0.343   0.286   0.051
抗压能力                 48   0.242   0.202   0.036
执行能力                 47   0.237   0.197   0.035
常用办公软件的使用            38   0.192   0.160   0.029
学习能力                 36   0.182   0.151   0.027
领悟能力                 33   0.167   0.139   0.025
人脉资源                 32   0.162   0.134   0.024
工作激情                 31   0.157   0.130   0.023
领导能力                 28   0.141   0.118   0.021
人际交往                 22   0.111   0.092   0.017
设计能力                 22   0.111   0.092   0.017
外语基础                 19   0.096   0.080   0.014
创新能力                 18   0.091   0.076   0.014
服务意识                 18   0.091   0.076   0.014
亲和力                  13   0.066   0.055   0.010
上进心                  12   0.061   0.050   0.009
能出差                   8   0.040   0.034   0.006
应变能力                  7   0.035   0.029   0.005
形象气质佳                 1   0.005   0.004   0.001
关注行业                  1   0.005   0.004   0.001
自律                    1   0.005   0.004   0.001
total  198
