名称             频数      频率      最高比率    相对比率    
设计能力                266   0.591   1.000   0.123
逻辑思维能力              221   0.491   0.831   0.102
专业素质良好              210   0.467   0.789   0.097
服务意识                194   0.431   0.729   0.089
团队协作能力              175   0.389   0.658   0.081
学习能力                148   0.329   0.556   0.068
沟通表达能力              142   0.316   0.534   0.065
上进心                 116   0.258   0.436   0.053
文案能力                108   0.240   0.406   0.050
领悟能力                 85   0.189   0.320   0.039
责任心                  69   0.153   0.259   0.032
工作激情                 68   0.151   0.256   0.031
遵纪守法                 56   0.124   0.211   0.026
抗压能力                 49   0.109   0.184   0.023
创新能力                 37   0.082   0.139   0.017
常用办公软件的使用            29   0.064   0.109   0.013
领导能力                 24   0.053   0.090   0.011
外语基础                 21   0.047   0.079   0.010
人脉资源                 12   0.027   0.045   0.006
自律                   11   0.024   0.041   0.005
执行能力                 10   0.022   0.038   0.005
人际交往                  4   0.009   0.015   0.002
亲和力                   4   0.009   0.015   0.002
美术能力                  3   0.007   0.011   0.001
审美能力                  1   0.002   0.004   0.000
关注行业                  1   0.002   0.004   0.000
能出差                   1   0.002   0.004   0.000
total  450
