名称             频数      频率      最高比率    相对比率    
遵纪守法                214   1.081   1.000   0.160
沟通表达能力              148   0.747   0.692   0.111
逻辑思维能力              102   0.515   0.477   0.076
亲和力                  98   0.495   0.458   0.073
常用办公软件的使用            89   0.449   0.416   0.067
团队协作能力               85   0.429   0.397   0.064
执行能力                 78   0.394   0.364   0.058
责任心                  70   0.354   0.327   0.052
专业素质良好               68   0.343   0.318   0.051
抗压能力                 59   0.298   0.276   0.044
工作激情                 55   0.278   0.257   0.041
服务意识                 54   0.273   0.252   0.040
文案能力                 44   0.222   0.206   0.033
领导能力                 43   0.217   0.201   0.032
学习能力                 37   0.187   0.173   0.028
创新能力                 14   0.071   0.065   0.010
人脉资源                 13   0.066   0.061   0.010
设计能力                 13   0.066   0.061   0.010
领悟能力                 11   0.056   0.051   0.008
上进心                  10   0.051   0.047   0.007
外语基础                  8   0.040   0.037   0.006
应变能力                  6   0.030   0.028   0.004
人际交往                  3   0.015   0.014   0.002
自律                    3   0.015   0.014   0.002
审美能力                  3   0.015   0.014   0.002
形象气质佳                 2   0.010   0.009   0.001
美术能力                  1   0.005   0.005   0.001
total  198
