名称             频数      频率      最高比率    相对比率    
人际交往                388   0.862   1.000   0.114
沟通表达能力              330   0.733   0.851   0.097
文案能力                309   0.687   0.796   0.091
团队协作能力              290   0.644   0.747   0.085
执行能力                270   0.600   0.696   0.079
创新能力                200   0.444   0.515   0.059
逻辑思维能力              199   0.442   0.513   0.058
形象气质佳               155   0.344   0.399   0.045
专业素质良好              141   0.313   0.363   0.041
抗压能力                135   0.300   0.348   0.040
遵纪守法                104   0.231   0.268   0.030
人脉资源                 99   0.220   0.255   0.029
工作激情                 99   0.220   0.255   0.029
领导能力                 91   0.202   0.235   0.027
领悟能力                 78   0.173   0.201   0.023
亲和力                  72   0.160   0.186   0.021
责任心                  72   0.160   0.186   0.021
学习能力                 65   0.144   0.168   0.019
应变能力                 59   0.131   0.152   0.017
常用办公软件的使用            50   0.111   0.129   0.015
外语基础                 35   0.078   0.090   0.010
服务意识                 34   0.076   0.088   0.010
设计能力                 26   0.058   0.067   0.008
上进心                  22   0.049   0.057   0.006
审美能力                 17   0.038   0.044   0.005
自律                   17   0.038   0.044   0.005
能出差                  11   0.024   0.028   0.003
美术能力                  7   0.016   0.018   0.002
关注行业                  7   0.016   0.018   0.002
全局观                   3   0.007   0.008   0.001
total  450
