名称             频数      频率      最高比率    相对比率    
沟通表达能力              412   0.916   1.000   0.119
文案能力                358   0.796   0.869   0.103
逻辑思维能力              304   0.676   0.738   0.087
团队协作能力              294   0.653   0.714   0.085
专业素质良好              187   0.416   0.454   0.054
学习能力                185   0.411   0.449   0.053
常用办公软件的使用           167   0.371   0.405   0.048
责任心                 165   0.367   0.400   0.047
设计能力                162   0.360   0.393   0.047
抗压能力                153   0.340   0.371   0.044
服务意识                148   0.329   0.359   0.043
领悟能力                119   0.264   0.289   0.034
能出差                 118   0.262   0.286   0.034
遵纪守法                112   0.249   0.272   0.032
工作激情                103   0.229   0.250   0.030
领导能力                 92   0.204   0.223   0.026
上进心                  77   0.171   0.187   0.022
创新能力                 58   0.129   0.141   0.017
亲和力                  52   0.116   0.126   0.015
人脉资源                 48   0.107   0.117   0.014
执行能力                 43   0.096   0.104   0.012
形象气质佳                30   0.067   0.073   0.009
应变能力                 28   0.062   0.068   0.008
外语基础                 20   0.044   0.049   0.006
自律                   13   0.029   0.032   0.004
人际交往                  8   0.018   0.019   0.002
美术能力                  2   0.004   0.005   0.001
total  450
