名称             频数      频率      最高比率    相对比率    
沟通表达能力              324   0.720   1.000   0.120
服务意识                282   0.627   0.870   0.104
团队协作能力              226   0.502   0.698   0.083
遵纪守法                184   0.409   0.568   0.068
逻辑思维能力              167   0.371   0.515   0.062
责任心                 153   0.340   0.472   0.056
学习能力                147   0.327   0.454   0.054
专业素质良好              145   0.322   0.448   0.054
抗压能力                138   0.307   0.426   0.051
工作激情                134   0.298   0.414   0.049
领导能力                110   0.244   0.340   0.041
常用办公软件的使用            95   0.211   0.293   0.035
亲和力                  86   0.191   0.265   0.032
文案能力                 79   0.176   0.244   0.029
执行能力                 63   0.140   0.194   0.023
能出差                  61   0.136   0.188   0.023
领悟能力                 46   0.102   0.142   0.017
上进心                  45   0.100   0.139   0.017
应变能力                 41   0.091   0.127   0.015
创新能力                 28   0.062   0.086   0.010
外语基础                 28   0.062   0.086   0.010
形象气质佳                25   0.056   0.077   0.009
人脉资源                 20   0.044   0.062   0.007
设计能力                 16   0.036   0.049   0.006
自律                    9   0.020   0.028   0.003
人际交往                  3   0.007   0.009   0.001
全局观                   1   0.002   0.003   0.000
美术能力                  1   0.002   0.003   0.000
total  450
