名称             频数      频率      最高比率    相对比率    
逻辑思维能力              412   0.916   1.000   0.159
沟通表达能力              259   0.576   0.629   0.100
常用办公软件的使用           223   0.496   0.541   0.086
团队协作能力              219   0.487   0.532   0.084
专业素质良好              202   0.449   0.490   0.078
领悟能力                154   0.342   0.374   0.059
学习能力                133   0.296   0.323   0.051
文案能力                129   0.287   0.313   0.050
设计能力                109   0.242   0.265   0.042
遵纪守法                 89   0.198   0.216   0.034
工作激情                 80   0.178   0.194   0.031
上进心                  77   0.171   0.187   0.030
抗压能力                 75   0.167   0.182   0.029
责任心                  74   0.164   0.180   0.029
领导能力                 72   0.160   0.175   0.028
人脉资源                 65   0.144   0.158   0.025
执行能力                 58   0.129   0.141   0.022
创新能力                 40   0.089   0.097   0.015
服务意识                 31   0.069   0.075   0.012
外语基础                 19   0.042   0.046   0.007
自律                   18   0.040   0.044   0.007
应变能力                 10   0.022   0.024   0.004
亲和力                   5   0.011   0.012   0.002
能出差                   5   0.011   0.012   0.002
关注行业                  3   0.007   0.007   0.001
全局观                   1   0.002   0.002   0.000
total  450
