名称             频数      频率      最高比率    相对比率    
沟通表达能力              383   0.851   1.000   0.117
团队协作能力              372   0.827   0.971   0.114
逻辑思维能力              222   0.493   0.580   0.068
抗压能力                221   0.491   0.577   0.068
遵纪守法                195   0.433   0.509   0.060
执行能力                187   0.416   0.488   0.057
工作激情                163   0.362   0.426   0.050
创新能力                158   0.351   0.413   0.048
专业素质良好              136   0.302   0.355   0.042
责任心                 136   0.302   0.355   0.042
常用办公软件的使用           127   0.282   0.332   0.039
亲和力                 127   0.282   0.332   0.039
人脉资源                107   0.238   0.279   0.033
学习能力                105   0.233   0.274   0.032
服务意识                 99   0.220   0.258   0.030
文案能力                 83   0.184   0.217   0.025
领导能力                 62   0.138   0.162   0.019
领悟能力                 60   0.133   0.157   0.018
上进心                  52   0.116   0.136   0.016
能出差                  52   0.116   0.136   0.016
人际交往                 47   0.104   0.123   0.014
形象气质佳                44   0.098   0.115   0.013
应变能力                 33   0.073   0.086   0.010
外语基础                 31   0.069   0.081   0.009
设计能力                 21   0.047   0.055   0.006
自律                   12   0.027   0.031   0.004
美术能力                  6   0.013   0.016   0.002
审美能力                  4   0.009   0.010   0.001
关注行业                  3   0.007   0.008   0.001
total  450
