名称             频数      频率      最高比率    相对比率    
团队协作能力              114   0.905   1.000   0.118
沟通表达能力               98   0.778   0.860   0.102
创新能力                 76   0.603   0.667   0.079
人脉资源                 69   0.548   0.605   0.072
逻辑思维能力               69   0.548   0.605   0.072
领导能力                 53   0.421   0.465   0.055
执行能力                 53   0.421   0.465   0.055
抗压能力                 53   0.421   0.465   0.055
专业素质良好               47   0.373   0.412   0.049
遵纪守法                 39   0.310   0.342   0.040
工作激情                 39   0.310   0.342   0.040
领悟能力                 32   0.254   0.281   0.033
责任心                  26   0.206   0.228   0.027
上进心                  22   0.175   0.193   0.023
学习能力                 21   0.167   0.184   0.022
人际交往                 21   0.167   0.184   0.022
形象气质佳                20   0.159   0.175   0.021
服务意识                 19   0.151   0.167   0.020
外语基础                 15   0.119   0.132   0.016
亲和力                  13   0.103   0.114   0.013
文案能力                 12   0.095   0.105   0.012
能出差                  11   0.087   0.096   0.011
自律                    9   0.071   0.079   0.009
常用办公软件的使用             9   0.071   0.079   0.009
应变能力                  8   0.063   0.070   0.008
设计能力                  8   0.063   0.070   0.008
审美能力                  1   0.008   0.009   0.001
关注行业                  1   0.008   0.009   0.001
美术能力                  1   0.008   0.009   0.001
total  126
