名称             频数      频率      最高比率    相对比率    
逻辑思维能力               49   0.891   1.000   0.156
学习能力                 43   0.782   0.878   0.137
专业素质良好               32   0.582   0.653   0.102
团队协作能力               29   0.527   0.592   0.092
美术能力                 19   0.345   0.388   0.060
设计能力                 19   0.345   0.388   0.060
沟通表达能力               18   0.327   0.367   0.057
创新能力                 15   0.273   0.306   0.048
上进心                  13   0.236   0.265   0.041
外语基础                 11   0.200   0.224   0.035
领悟能力                 11   0.200   0.224   0.035
文案能力                  9   0.164   0.184   0.029
常用办公软件的使用             8   0.145   0.163   0.025
工作激情                  7   0.127   0.143   0.022
执行能力                  6   0.109   0.122   0.019
责任心                   6   0.109   0.122   0.019
遵纪守法                  5   0.091   0.102   0.016
服务意识                  3   0.055   0.061   0.010
抗压能力                  3   0.055   0.061   0.010
人脉资源                  2   0.036   0.041   0.006
领导能力                  2   0.036   0.041   0.006
能出差                   1   0.018   0.020   0.003
亲和力                   1   0.018   0.020   0.003
total  55
