名称             频数      频率      最高比率    相对比率    
逻辑思维能力               97   0.764   1.000   0.157
学习能力                 70   0.551   0.722   0.113
专业素质良好               56   0.441   0.577   0.090
美术能力                 53   0.417   0.546   0.086
团队协作能力               49   0.386   0.505   0.079
沟通表达能力               37   0.291   0.381   0.060
设计能力                 35   0.276   0.361   0.057
外语基础                 32   0.252   0.330   0.052
常用办公软件的使用            22   0.173   0.227   0.036
领悟能力                 21   0.165   0.216   0.034
遵纪守法                 19   0.150   0.196   0.031
上进心                  18   0.142   0.186   0.029
创新能力                 15   0.118   0.155   0.024
人脉资源                 15   0.118   0.155   0.024
责任心                  15   0.118   0.155   0.024
文案能力                 14   0.110   0.144   0.023
工作激情                 10   0.079   0.103   0.016
抗压能力                  7   0.055   0.072   0.011
服务意识                  5   0.039   0.052   0.008
领导能力                  3   0.024   0.031   0.005
自律                    3   0.024   0.031   0.005
能出差                   2   0.016   0.021   0.003
执行能力                  1   0.008   0.010   0.002
total  127
