名称             频数      频率      最高比率    相对比率    
沟通表达能力              107   0.811   1.000   0.114
团队协作能力              101   0.765   0.944   0.108
工作激情                 73   0.553   0.682   0.078
抗压能力                 69   0.523   0.645   0.073
遵纪守法                 60   0.455   0.561   0.064
创新能力                 59   0.447   0.551   0.063
逻辑思维能力               57   0.432   0.533   0.061
服务意识                 52   0.394   0.486   0.055
执行能力                 45   0.341   0.421   0.048
亲和力                  43   0.326   0.402   0.046
专业素质良好               41   0.311   0.383   0.044
学习能力                 40   0.303   0.374   0.043
责任心                  28   0.212   0.262   0.030
上进心                  26   0.197   0.243   0.028
领悟能力                 19   0.144   0.178   0.020
文案能力                 16   0.121   0.150   0.017
人脉资源                 15   0.114   0.140   0.016
领导能力                 15   0.114   0.140   0.016
能出差                  13   0.098   0.121   0.014
常用办公软件的使用            13   0.098   0.121   0.014
应变能力                 10   0.076   0.093   0.011
人际交往                 10   0.076   0.093   0.011
形象气质佳                10   0.076   0.093   0.011
自律                    3   0.023   0.028   0.003
设计能力                  3   0.023   0.028   0.003
外语基础                  2   0.015   0.019   0.002
total  132
