名称             频数      频率      最高比率    相对比率    
沟通表达能力              378   0.840   1.000   0.115
团队协作能力              335   0.744   0.886   0.102
逻辑思维能力              257   0.571   0.680   0.078
执行能力                247   0.549   0.653   0.075
创新能力                203   0.451   0.537   0.062
人际交往                180   0.400   0.476   0.055
抗压能力                169   0.376   0.447   0.052
专业素质良好              166   0.369   0.439   0.051
文案能力                157   0.349   0.415   0.048
遵纪守法                148   0.329   0.392   0.045
责任心                 139   0.309   0.368   0.042
工作激情                120   0.267   0.317   0.037
人脉资源                102   0.227   0.270   0.031
常用办公软件的使用           100   0.222   0.265   0.031
学习能力                 90   0.200   0.238   0.027
领导能力                 82   0.182   0.217   0.025
亲和力                  82   0.182   0.217   0.025
领悟能力                 71   0.158   0.188   0.022
服务意识                 61   0.136   0.161   0.019
形象气质佳                46   0.102   0.122   0.014
上进心                  37   0.082   0.098   0.011
应变能力                 28   0.062   0.074   0.009
设计能力                 16   0.036   0.042   0.005
外语基础                 15   0.033   0.040   0.005
美术能力                  5   0.011   0.013   0.002
审美能力                  5   0.011   0.013   0.002
能出差                   4   0.009   0.011   0.001
关注行业                  3   0.007   0.008   0.001
自律                    3   0.007   0.008   0.001
全局观                   1   0.002   0.003   0.000
total  450
