名称             频数      频率      最高比率    相对比率    
逻辑思维能力              315   0.700   1.000   0.147
专业素质良好              203   0.451   0.644   0.095
团队协作能力              194   0.431   0.616   0.091
沟通表达能力              186   0.413   0.590   0.087
学习能力                132   0.293   0.419   0.062
设计能力                121   0.269   0.384   0.057
服务意识                113   0.251   0.359   0.053
文案能力                112   0.249   0.356   0.052
领悟能力                101   0.224   0.321   0.047
遵纪守法                 87   0.193   0.276   0.041
责任心                  74   0.164   0.235   0.035
领导能力                 70   0.156   0.222   0.033
执行能力                 62   0.138   0.197   0.029
工作激情                 61   0.136   0.194   0.029
常用办公软件的使用            56   0.124   0.178   0.026
上进心                  55   0.122   0.175   0.026
抗压能力                 43   0.096   0.137   0.020
外语基础                 29   0.064   0.092   0.014
人脉资源                 27   0.060   0.086   0.013
创新能力                 23   0.051   0.073   0.011
能出差                  11   0.024   0.035   0.005
亲和力                   9   0.020   0.029   0.004
自律                    8   0.018   0.025   0.004
审美能力                  2   0.004   0.006   0.001
人际交往                  1   0.002   0.003   0.000
total  450
