名称             频数      频率      最高比率    相对比率    
沟通表达能力              363   0.807   1.000   0.133
团队协作能力              206   0.458   0.567   0.075
文案能力                198   0.440   0.545   0.072
专业素质良好              196   0.436   0.540   0.072
逻辑思维能力              182   0.404   0.501   0.066
服务意识                172   0.382   0.474   0.063
能出差                 168   0.373   0.463   0.061
抗压能力                155   0.344   0.427   0.057
责任心                 154   0.342   0.424   0.056
领导能力                147   0.327   0.405   0.054
学习能力                136   0.302   0.375   0.050
工作激情                118   0.262   0.325   0.043
遵纪守法                 97   0.216   0.267   0.035
执行能力                 56   0.124   0.154   0.020
领悟能力                 56   0.124   0.154   0.020
常用办公软件的使用            55   0.122   0.152   0.020
设计能力                 53   0.118   0.146   0.019
亲和力                  46   0.102   0.127   0.017
上进心                  35   0.078   0.096   0.013
人脉资源                 30   0.067   0.083   0.011
应变能力                 27   0.060   0.074   0.010
外语基础                 18   0.040   0.050   0.007
创新能力                 17   0.038   0.047   0.006
自律                   12   0.027   0.033   0.004
人际交往                 10   0.022   0.028   0.004
形象气质佳                 6   0.013   0.017   0.002
审美能力                  1   0.002   0.003   0.000
total  450
