名称             频数      频率      最高比率    相对比率    
遵纪守法                132   0.759   1.000   0.122
沟通表达能力              120   0.690   0.909   0.111
逻辑思维能力              111   0.638   0.841   0.103
文案能力                 89   0.511   0.674   0.083
团队协作能力               81   0.466   0.614   0.075
专业素质良好               81   0.466   0.614   0.075
执行能力                 70   0.402   0.530   0.065
学习能力                 46   0.264   0.348   0.043
抗压能力                 42   0.241   0.318   0.039
领导能力                 38   0.218   0.288   0.035
责任心                  37   0.213   0.280   0.034
常用办公软件的使用            36   0.207   0.273   0.033
工作激情                 34   0.195   0.258   0.032
设计能力                 31   0.178   0.235   0.029
能出差                  24   0.138   0.182   0.022
人脉资源                 18   0.103   0.136   0.017
领悟能力                 18   0.103   0.136   0.017
外语基础                 13   0.075   0.098   0.012
上进心                  12   0.069   0.091   0.011
服务意识                 11   0.063   0.083   0.010
亲和力                   7   0.040   0.053   0.006
创新能力                  6   0.034   0.045   0.006
自律                    5   0.029   0.038   0.005
应变能力                  3   0.017   0.023   0.003
形象气质佳                 2   0.011   0.015   0.002
关注行业                  1   0.006   0.008   0.001
total  174
