名称             频数      频率      最高比率    相对比率    
沟通表达能力              293   0.781   1.000   0.114
团队协作能力              252   0.672   0.860   0.098
抗压能力                217   0.579   0.741   0.085
工作激情                198   0.528   0.676   0.077
服务意识                165   0.440   0.563   0.064
亲和力                 158   0.421   0.539   0.062
学习能力                150   0.400   0.512   0.059
遵纪守法                143   0.381   0.488   0.056
逻辑思维能力              136   0.363   0.464   0.053
创新能力                117   0.312   0.399   0.046
责任心                 106   0.283   0.362   0.041
执行能力                 95   0.253   0.324   0.037
专业素质良好               87   0.232   0.297   0.034
上进心                  66   0.176   0.225   0.026
领悟能力                 54   0.144   0.184   0.021
常用办公软件的使用            44   0.117   0.150   0.017
人脉资源                 33   0.088   0.113   0.013
形象气质佳                31   0.083   0.106   0.012
领导能力                 30   0.080   0.102   0.012
人际交往                 29   0.077   0.099   0.011
应变能力                 27   0.072   0.092   0.011
文案能力                 27   0.072   0.092   0.011
外语基础                 20   0.053   0.068   0.008
能出差                  20   0.053   0.068   0.008
自律                   16   0.043   0.055   0.006
设计能力                 12   0.032   0.041   0.005
美术能力                  1   0.003   0.003   0.000
审美能力                  1   0.003   0.003   0.000
total  375
