名称             频数      频率      最高比率    相对比率    
团队协作能力              157   0.801   1.000   0.113
服务意识                155   0.791   0.987   0.111
沟通表达能力              153   0.781   0.975   0.110
领导能力                115   0.587   0.732   0.083
逻辑思维能力              103   0.526   0.656   0.074
遵纪守法                 84   0.429   0.535   0.060
抗压能力                 72   0.367   0.459   0.052
专业素质良好               64   0.327   0.408   0.046
执行能力                 62   0.316   0.395   0.045
工作激情                 59   0.301   0.376   0.042
责任心                  58   0.296   0.369   0.042
常用办公软件的使用            47   0.240   0.299   0.034
亲和力                  35   0.179   0.223   0.025
学习能力                 34   0.173   0.217   0.024
上进心                  29   0.148   0.185   0.021
领悟能力                 26   0.133   0.166   0.019
应变能力                 23   0.117   0.146   0.017
人脉资源                 20   0.102   0.127   0.014
文案能力                 16   0.082   0.102   0.011
创新能力                 15   0.077   0.096   0.011
人际交往                 15   0.077   0.096   0.011
形象气质佳                13   0.066   0.083   0.009
设计能力                 12   0.061   0.076   0.009
外语基础                  5   0.026   0.032   0.004
能出差                   5   0.026   0.032   0.004
全局观                   3   0.015   0.019   0.002
自律                    1   0.005   0.006   0.001
total  196
