名称             频数      频率      最高比率    相对比率    
设计能力                 42   0.712   1.000   0.151
逻辑思维能力               35   0.593   0.833   0.125
团队协作能力               33   0.559   0.786   0.118
专业素质良好               20   0.339   0.476   0.072
沟通表达能力               19   0.322   0.452   0.068
领导能力                 15   0.254   0.357   0.054
常用办公软件的使用            15   0.254   0.357   0.054
遵纪守法                 13   0.220   0.310   0.047
工作激情                 11   0.186   0.262   0.039
文案能力                 11   0.186   0.262   0.039
责任心                  11   0.186   0.262   0.039
学习能力                  9   0.153   0.214   0.032
外语基础                  9   0.153   0.214   0.032
领悟能力                  6   0.102   0.143   0.022
上进心                   6   0.102   0.143   0.022
创新能力                  5   0.085   0.119   0.018
抗压能力                  4   0.068   0.095   0.014
能出差                   2   0.034   0.048   0.007
亲和力                   1   0.017   0.024   0.004
人脉资源                  1   0.017   0.024   0.004
total  59
