名称             频数      频率      最高比率    相对比率    
设计能力                329   0.731   1.000   0.137
专业素质良好              250   0.556   0.760   0.104
团队协作能力              238   0.529   0.723   0.099
逻辑思维能力              213   0.473   0.647   0.089
文案能力                194   0.431   0.590   0.081
沟通表达能力              190   0.422   0.578   0.079
责任心                 113   0.251   0.343   0.047
学习能力                111   0.247   0.337   0.046
常用办公软件的使用            98   0.218   0.298   0.041
工作激情                 90   0.200   0.274   0.037
外语基础                 87   0.193   0.264   0.036
遵纪守法                 83   0.184   0.252   0.035
抗压能力                 82   0.182   0.249   0.034
上进心                  73   0.162   0.222   0.030
领导能力                 52   0.116   0.158   0.022
领悟能力                 33   0.073   0.100   0.014
创新能力                 25   0.056   0.076   0.010
能出差                  23   0.051   0.070   0.010
服务意识                 21   0.047   0.064   0.009
人脉资源                 20   0.044   0.061   0.008
执行能力                 17   0.038   0.052   0.007
亲和力                   8   0.018   0.024   0.003
自律                    7   0.016   0.021   0.003
美术能力                  2   0.004   0.006   0.001
应变能力                  1   0.002   0.003   0.000
形象气质佳                 1   0.002   0.003   0.000
total  450
