名称             频数      频率      最高比率    相对比率    
文案能力                 74   0.740   1.000   0.108
创新能力                 69   0.690   0.932   0.101
执行能力                 66   0.660   0.892   0.096
沟通表达能力               59   0.590   0.797   0.086
团队协作能力               58   0.580   0.784   0.085
逻辑思维能力               54   0.540   0.730   0.079
专业素质良好               46   0.460   0.622   0.067
领导能力                 23   0.230   0.311   0.034
责任心                  21   0.210   0.284   0.031
设计能力                 21   0.210   0.284   0.031
人际交往                 20   0.200   0.270   0.029
学习能力                 19   0.190   0.257   0.028
领悟能力                 19   0.190   0.257   0.028
抗压能力                 19   0.190   0.257   0.028
常用办公软件的使用            18   0.180   0.243   0.026
工作激情                 17   0.170   0.230   0.025
上进心                  14   0.140   0.189   0.020
遵纪守法                 10   0.100   0.135   0.015
人脉资源                  9   0.090   0.122   0.013
形象气质佳                 8   0.080   0.108   0.012
外语基础                  8   0.080   0.108   0.012
亲和力                   7   0.070   0.095   0.010
服务意识                  6   0.060   0.081   0.009
应变能力                  5   0.050   0.068   0.007
审美能力                  4   0.040   0.054   0.006
自律                    2   0.020   0.027   0.003
美术能力                  2   0.020   0.027   0.003
能出差                   2   0.020   0.027   0.003
total  100
