名称             频数      频率      最高比率    相对比率    
团队协作能力              280   0.795   1.000   0.110
沟通表达能力              231   0.656   0.825   0.090
逻辑思维能力              226   0.642   0.807   0.088
创新能力                224   0.636   0.800   0.088
执行能力                187   0.531   0.668   0.073
领导能力                176   0.500   0.629   0.069
专业素质良好              129   0.366   0.461   0.050
人脉资源                108   0.307   0.386   0.042
人际交往                103   0.293   0.368   0.040
抗压能力                 95   0.270   0.339   0.037
领悟能力                 93   0.264   0.332   0.036
责任心                  72   0.205   0.257   0.028
遵纪守法                 70   0.199   0.250   0.027
上进心                  69   0.196   0.246   0.027
工作激情                 68   0.193   0.243   0.027
文案能力                 66   0.188   0.236   0.026
形象气质佳                60   0.170   0.214   0.023
设计能力                 46   0.131   0.164   0.018
学习能力                 44   0.125   0.157   0.017
服务意识                 43   0.122   0.154   0.017
外语基础                 27   0.077   0.096   0.011
亲和力                  25   0.071   0.089   0.010
常用办公软件的使用            20   0.057   0.071   0.008
能出差                  18   0.051   0.064   0.007
自律                   15   0.043   0.054   0.006
应变能力                 14   0.040   0.050   0.005
审美能力                  9   0.026   0.032   0.004
美术能力                  3   0.009   0.011   0.001
关注行业                  2   0.006   0.007   0.001
total  352
