名称             频数      频率      最高比率    相对比率    
亲和力                  15   0.938   1.000   0.123
沟通表达能力               14   0.875   0.933   0.115
遵纪守法                 13   0.812   0.867   0.107
工作激情                 11   0.688   0.733   0.090
团队协作能力               11   0.688   0.733   0.090
服务意识                  9   0.562   0.600   0.074
抗压能力                  8   0.500   0.533   0.066
领悟能力                  7   0.438   0.467   0.057
人脉资源                  5   0.312   0.333   0.041
责任心                   4   0.250   0.267   0.033
逻辑思维能力                4   0.250   0.267   0.033
创新能力                  3   0.188   0.200   0.025
上进心                   2   0.125   0.133   0.016
形象气质佳                 2   0.125   0.133   0.016
外语基础                  2   0.125   0.133   0.016
执行能力                  2   0.125   0.133   0.016
常用办公软件的使用             2   0.125   0.133   0.016
专业素质良好                2   0.125   0.133   0.016
文案能力                  1   0.062   0.067   0.008
人际交往                  1   0.062   0.067   0.008
学习能力                  1   0.062   0.067   0.008
自律                    1   0.062   0.067   0.008
领导能力                  1   0.062   0.067   0.008
total  16
