名称             频数      频率      最高比率    相对比率    
遵纪守法                 13   1.083   1.000   0.133
沟通表达能力               10   0.833   0.769   0.102
逻辑思维能力                9   0.750   0.692   0.092
文案能力                  7   0.583   0.538   0.071
专业素质良好                6   0.500   0.462   0.061
领导能力                  5   0.417   0.385   0.051
团队协作能力                5   0.417   0.385   0.051
上进心                   4   0.333   0.308   0.041
外语基础                  4   0.333   0.308   0.041
抗压能力                  4   0.333   0.308   0.041
责任心                   4   0.333   0.308   0.041
人际交往                  3   0.250   0.231   0.031
工作激情                  3   0.250   0.231   0.031
领悟能力                  3   0.250   0.231   0.031
常用办公软件的使用             3   0.250   0.231   0.031
设计能力                  3   0.250   0.231   0.031
创新能力                  2   0.167   0.154   0.020
人脉资源                  2   0.167   0.154   0.020
执行能力                  2   0.167   0.154   0.020
服务意识                  2   0.167   0.154   0.020
能出差                   1   0.083   0.077   0.010
亲和力                   1   0.083   0.077   0.010
total  12
