名称             频数      频率      最高比率    相对比率    
遵纪守法                 64   1.164   1.000   0.216
沟通表达能力               28   0.509   0.438   0.095
专业素质良好               28   0.509   0.438   0.095
团队协作能力               21   0.382   0.328   0.071
逻辑思维能力               21   0.382   0.328   0.071
文案能力                 18   0.327   0.281   0.061
工作激情                 15   0.273   0.234   0.051
服务意识                 12   0.218   0.188   0.041
责任心                  11   0.200   0.172   0.037
外语基础                  9   0.164   0.141   0.030
执行能力                  8   0.145   0.125   0.027
常用办公软件的使用             7   0.127   0.109   0.024
学习能力                  6   0.109   0.094   0.020
人脉资源                  5   0.091   0.078   0.017
应变能力                  5   0.091   0.078   0.017
上进心                   4   0.073   0.062   0.014
创新能力                  4   0.073   0.062   0.014
领导能力                  4   0.073   0.062   0.014
亲和力                   4   0.073   0.062   0.014
抗压能力                  4   0.073   0.062   0.014
设计能力                  4   0.073   0.062   0.014
能出差                   2   0.036   0.031   0.007
人际交往                  1   0.018   0.016   0.003
形象气质佳                 1   0.018   0.016   0.003
领悟能力                  1   0.018   0.016   0.003
total  55
