名称             频数      频率      最高比率    相对比率    
逻辑思维能力              153   0.805   1.000   0.134
专业素质良好              126   0.663   0.824   0.110
文案能力                115   0.605   0.752   0.101
设计能力                108   0.568   0.706   0.094
执行能力                 93   0.489   0.608   0.081
团队协作能力               86   0.453   0.562   0.075
沟通表达能力               81   0.426   0.529   0.071
抗压能力                 63   0.332   0.412   0.055
工作激情                 49   0.258   0.320   0.043
责任心                  45   0.237   0.294   0.039
学习能力                 40   0.211   0.261   0.035
服务意识                 40   0.211   0.261   0.035
领导能力                 32   0.168   0.209   0.028
领悟能力                 27   0.142   0.176   0.024
遵纪守法                 26   0.137   0.170   0.023
上进心                  16   0.084   0.105   0.014
常用办公软件的使用            13   0.068   0.085   0.011
人脉资源                  7   0.037   0.046   0.006
外语基础                  3   0.016   0.020   0.003
创新能力                  2   0.011   0.013   0.002
自律                    2   0.011   0.013   0.002
应变能力                  1   0.005   0.007   0.001
能出差                   1   0.005   0.007   0.001
total  190
