名称             频数      频率      最高比率    相对比率    
沟通表达能力                5   0.417   1.000   0.116
逻辑思维能力                4   0.333   0.800   0.093
文案能力                  4   0.333   0.800   0.093
设计能力                  4   0.333   0.800   0.093
学习能力                  3   0.250   0.600   0.070
专业素质良好                3   0.250   0.600   0.070
团队协作能力                2   0.167   0.400   0.047
执行能力                  2   0.167   0.400   0.047
领悟能力                  2   0.167   0.400   0.047
遵纪守法                  2   0.167   0.400   0.047
服务意识                  2   0.167   0.400   0.047
抗压能力                  2   0.167   0.400   0.047
工作激情                  1   0.083   0.200   0.023
上进心                   1   0.083   0.200   0.023
外语基础                  1   0.083   0.200   0.023
责任心                   1   0.083   0.200   0.023
total  12
