名称             频数      频率      最高比率    相对比率    
团队协作能力              361   0.802   1.000   0.110
设计能力                326   0.724   0.903   0.100
领导能力                298   0.662   0.825   0.091
逻辑思维能力              291   0.647   0.806   0.089
沟通表达能力              283   0.629   0.784   0.087
文案能力                197   0.438   0.546   0.060
专业素质良好              191   0.424   0.529   0.058
上进心                 144   0.320   0.399   0.044
学习能力                141   0.313   0.391   0.043
服务意识                127   0.282   0.352   0.039
领悟能力                123   0.273   0.341   0.038
责任心                 121   0.269   0.335   0.037
抗压能力                117   0.260   0.324   0.036
工作激情                 98   0.218   0.271   0.030
执行能力                 88   0.196   0.244   0.027
遵纪守法                 84   0.187   0.233   0.026
创新能力                 83   0.184   0.230   0.025
常用办公软件的使用            41   0.091   0.114   0.013
人脉资源                 40   0.089   0.111   0.012
能出差                  18   0.040   0.050   0.006
自律                   14   0.031   0.039   0.004
外语基础                 12   0.027   0.033   0.004
亲和力                  12   0.027   0.033   0.004
应变能力                  9   0.020   0.025   0.003
人际交往                  8   0.018   0.022   0.002
美术能力                  3   0.007   0.008   0.001
审美能力                  2   0.004   0.006   0.001
全局观                   2   0.004   0.006   0.001
形象气质佳                 1   0.002   0.003   0.000
total  450
