名称             频数      频率      最高比率    相对比率    
团队协作能力              391   0.869   1.000   0.115
领导能力                348   0.773   0.890   0.103
设计能力                339   0.753   0.867   0.100
逻辑思维能力              277   0.616   0.708   0.082
沟通表达能力              254   0.564   0.650   0.075
专业素质良好              192   0.427   0.491   0.057
上进心                 171   0.380   0.437   0.050
文案能力                161   0.358   0.412   0.048
创新能力                150   0.333   0.384   0.044
服务意识                144   0.320   0.368   0.043
领悟能力                125   0.278   0.320   0.037
责任心                 116   0.258   0.297   0.034
学习能力                112   0.249   0.286   0.033
工作激情                108   0.240   0.276   0.032
执行能力                108   0.240   0.276   0.032
抗压能力                106   0.236   0.271   0.031
遵纪守法                 86   0.191   0.220   0.025
人脉资源                 76   0.169   0.194   0.022
常用办公软件的使用            30   0.067   0.077   0.009
自律                   17   0.038   0.043   0.005
亲和力                  11   0.024   0.028   0.003
能出差                   9   0.020   0.023   0.003
美术能力                  7   0.016   0.018   0.002
外语基础                  7   0.016   0.018   0.002
应变能力                  6   0.013   0.015   0.002
关注行业                  4   0.009   0.010   0.001
审美能力                  3   0.007   0.008   0.001
人际交往                  3   0.007   0.008   0.001
全局观                   1   0.002   0.003   0.000
形象气质佳                 1   0.002   0.003   0.000
total  450
