名称             频数      频率      最高比率    相对比率    
团队协作能力              274   0.609   1.000   0.104
沟通表达能力              222   0.493   0.810   0.084
设计能力                216   0.480   0.788   0.082
逻辑思维能力              202   0.449   0.737   0.077
专业素质良好              183   0.407   0.668   0.070
学习能力                150   0.333   0.547   0.057
领导能力                150   0.333   0.547   0.057
服务意识                128   0.284   0.467   0.049
上进心                 118   0.262   0.431   0.045
文案能力                114   0.253   0.416   0.043
责任心                 106   0.236   0.387   0.040
领悟能力                105   0.233   0.383   0.040
工作激情                 99   0.220   0.361   0.038
遵纪守法                 89   0.198   0.325   0.034
抗压能力                 78   0.173   0.285   0.030
创新能力                 69   0.153   0.252   0.026
执行能力                 63   0.140   0.230   0.024
人脉资源                 41   0.091   0.150   0.016
常用办公软件的使用            39   0.087   0.142   0.015
亲和力                  27   0.060   0.099   0.010
能出差                  25   0.056   0.091   0.009
美术能力                 10   0.022   0.036   0.004
自律                   10   0.022   0.036   0.004
外语基础                  9   0.020   0.033   0.003
审美能力                  9   0.020   0.033   0.003
应变能力                  8   0.018   0.029   0.003
人际交往                  7   0.016   0.026   0.003
形象气质佳                 3   0.007   0.011   0.001
全局观                   2   0.004   0.007   0.001
total  450
