名称             频数      频率      最高比率    相对比率    
沟通表达能力              332   0.741   1.000   0.112
逻辑思维能力              286   0.638   0.861   0.096
团队协作能力              252   0.562   0.759   0.085
遵纪守法                214   0.478   0.645   0.072
专业素质良好              170   0.379   0.512   0.057
人脉资源                140   0.312   0.422   0.047
文案能力                140   0.312   0.422   0.047
抗压能力                138   0.308   0.416   0.046
工作激情                136   0.304   0.410   0.046
学习能力                130   0.290   0.392   0.044
服务意识                126   0.281   0.380   0.042
执行能力                109   0.243   0.328   0.037
设计能力                 96   0.214   0.289   0.032
领悟能力                 90   0.201   0.271   0.030
责任心                  88   0.196   0.265   0.030
创新能力                 85   0.190   0.256   0.029
上进心                  79   0.176   0.238   0.027
领导能力                 68   0.152   0.205   0.023
亲和力                  68   0.152   0.205   0.023
常用办公软件的使用            52   0.116   0.157   0.017
外语基础                 46   0.103   0.139   0.015
能出差                  26   0.058   0.078   0.009
人际交往                 22   0.049   0.066   0.007
形象气质佳                17   0.038   0.051   0.006
应变能力                 16   0.036   0.048   0.005
自律                    7   0.016   0.021   0.002
美术能力                  4   0.009   0.012   0.001
审美能力                  4   0.009   0.012   0.001
关注行业                  1   0.002   0.003   0.000
total  448
