名称             频数      频率      最高比率    相对比率    
遵纪守法                331   0.988   1.000   0.133
沟通表达能力              275   0.821   0.831   0.110
团队协作能力              191   0.570   0.577   0.076
逻辑思维能力              156   0.466   0.471   0.062
文案能力                142   0.424   0.429   0.057
亲和力                 138   0.412   0.417   0.055
专业素质良好              134   0.400   0.405   0.054
人际交往                116   0.346   0.350   0.046
执行能力                106   0.316   0.320   0.042
常用办公软件的使用           102   0.304   0.308   0.041
工作激情                 88   0.263   0.266   0.035
抗压能力                 87   0.260   0.263   0.035
责任心                  84   0.251   0.254   0.034
形象气质佳                82   0.245   0.248   0.033
服务意识                 63   0.188   0.190   0.025
学习能力                 59   0.176   0.178   0.024
人脉资源                 58   0.173   0.175   0.023
领导能力                 53   0.158   0.160   0.021
应变能力                 51   0.152   0.154   0.020
创新能力                 45   0.134   0.136   0.018
领悟能力                 34   0.101   0.103   0.014
外语基础                 23   0.069   0.069   0.009
能出差                  22   0.066   0.066   0.009
设计能力                 16   0.048   0.048   0.006
上进心                  15   0.045   0.045   0.006
自律                    5   0.015   0.015   0.002
美术能力                  4   0.012   0.012   0.002
审美能力                  1   0.003   0.003   0.000
total  335
