名称             频数      频率      最高比率    相对比率    
沟通表达能力              282   0.799   1.000   0.126
团队协作能力              199   0.564   0.706   0.089
工作激情                148   0.419   0.525   0.066
逻辑思维能力              144   0.408   0.511   0.064
抗压能力                143   0.405   0.507   0.064
学习能力                140   0.397   0.496   0.062
亲和力                 131   0.371   0.465   0.058
服务意识                130   0.368   0.461   0.058
遵纪守法                109   0.309   0.387   0.049
责任心                  97   0.275   0.344   0.043
专业素质良好               83   0.235   0.294   0.037
领导能力                 81   0.229   0.287   0.036
人脉资源                 63   0.178   0.223   0.028
常用办公软件的使用            54   0.153   0.191   0.024
执行能力                 53   0.150   0.188   0.024
领悟能力                 52   0.147   0.184   0.023
形象气质佳                45   0.127   0.160   0.020
设计能力                 43   0.122   0.152   0.019
文案能力                 41   0.116   0.145   0.018
创新能力                 40   0.113   0.142   0.018
上进心                  37   0.105   0.131   0.016
外语基础                 37   0.105   0.131   0.016
应变能力                 20   0.057   0.071   0.009
能出差                  13   0.037   0.046   0.006
自律                   10   0.028   0.035   0.004
人际交往                  8   0.023   0.028   0.004
美术能力                  8   0.023   0.028   0.004
审美能力                  2   0.006   0.007   0.001
total  353
