名称             频数      频率      最高比率    相对比率    
逻辑思维能力               49   0.803   1.000   0.159
学习能力                 42   0.689   0.857   0.136
专业素质良好               41   0.672   0.837   0.133
领悟能力                 26   0.426   0.531   0.084
团队协作能力               22   0.361   0.449   0.071
沟通表达能力               20   0.328   0.408   0.065
设计能力                 19   0.311   0.388   0.062
上进心                  13   0.213   0.265   0.042
创新能力                 11   0.180   0.224   0.036
工作激情                 10   0.164   0.204   0.032
服务意识                  9   0.148   0.184   0.029
外语基础                  7   0.115   0.143   0.023
人脉资源                  6   0.098   0.122   0.019
责任心                   6   0.098   0.122   0.019
抗压能力                  5   0.082   0.102   0.016
遵纪守法                  3   0.049   0.061   0.010
领导能力                  2   0.033   0.041   0.006
自律                    2   0.033   0.041   0.006
执行能力                  2   0.033   0.041   0.006
文案能力                  1   0.016   0.020   0.003
能出差                   1   0.016   0.020   0.003
total  61
