名称             频数      频率      最高比率    相对比率    
设计能力                247   0.777   1.000   0.160
逻辑思维能力              233   0.733   0.943   0.151
沟通表达能力              157   0.494   0.636   0.101
团队协作能力              129   0.406   0.522   0.083
专业素质良好              124   0.390   0.502   0.080
领悟能力                 81   0.255   0.328   0.052
学习能力                 80   0.252   0.324   0.052
责任心                  67   0.211   0.271   0.043
遵纪守法                 60   0.189   0.243   0.039
工作激情                 52   0.164   0.211   0.034
服务意识                 47   0.148   0.190   0.030
上进心                  44   0.138   0.178   0.028
文案能力                 44   0.138   0.178   0.028
领导能力                 41   0.129   0.166   0.026
抗压能力                 26   0.082   0.105   0.017
人脉资源                 21   0.066   0.085   0.014
自律                   18   0.057   0.073   0.012
创新能力                 17   0.053   0.069   0.011
执行能力                  9   0.028   0.036   0.006
常用办公软件的使用             6   0.019   0.024   0.004
亲和力                   4   0.013   0.016   0.003
能出差                   2   0.006   0.008   0.001
全局观                   1   0.003   0.004   0.001
外语基础                  1   0.003   0.004   0.001
关注行业                  1   0.003   0.004   0.001
total  318
