名称             频数      频率      最高比率    相对比率    
逻辑思维能力              406   0.902   1.000   0.137
设计能力                347   0.771   0.855   0.117
沟通表达能力              319   0.709   0.786   0.107
团队协作能力              274   0.609   0.675   0.092
专业素质良好              183   0.407   0.451   0.062
领悟能力                180   0.400   0.443   0.061
文案能力                117   0.260   0.288   0.039
学习能力                112   0.249   0.276   0.038
责任心                 109   0.242   0.268   0.037
工作激情                105   0.233   0.259   0.035
执行能力                102   0.227   0.251   0.034
常用办公软件的使用           100   0.222   0.246   0.034
创新能力                 90   0.200   0.222   0.030
上进心                  89   0.198   0.219   0.030
抗压能力                 89   0.198   0.219   0.030
人脉资源                 82   0.182   0.202   0.028
领导能力                 78   0.173   0.192   0.026
服务意识                 51   0.113   0.126   0.017
遵纪守法                 48   0.107   0.118   0.016
自律                   31   0.069   0.076   0.010
亲和力                   9   0.020   0.022   0.003
外语基础                  7   0.016   0.017   0.002
关注行业                  7   0.016   0.017   0.002
美术能力                  5   0.011   0.012   0.002
人际交往                  3   0.007   0.007   0.001
应变能力                  1   0.002   0.002   0.000
能出差                   1   0.002   0.002   0.000
total  450
