名称             频数      频率      最高比率    相对比率    
逻辑思维能力              425   0.944   1.000   0.161
沟通表达能力              257   0.571   0.605   0.097
常用办公软件的使用           228   0.507   0.536   0.086
团队协作能力              225   0.500   0.529   0.085
专业素质良好              215   0.478   0.506   0.081
领悟能力                165   0.367   0.388   0.062
学习能力                131   0.291   0.308   0.050
设计能力                118   0.262   0.278   0.045
文案能力                116   0.258   0.273   0.044
遵纪守法                 85   0.189   0.200   0.032
上进心                  83   0.184   0.195   0.031
工作激情                 83   0.184   0.195   0.031
责任心                  81   0.180   0.191   0.031
人脉资源                 76   0.169   0.179   0.029
领导能力                 76   0.169   0.179   0.029
抗压能力                 66   0.147   0.155   0.025
执行能力                 56   0.124   0.132   0.021
创新能力                 39   0.087   0.092   0.015
服务意识                 38   0.084   0.089   0.014
外语基础                 18   0.040   0.042   0.007
自律                   14   0.031   0.033   0.005
应变能力                  9   0.020   0.021   0.003
亲和力                   6   0.013   0.014   0.002
关注行业                  5   0.011   0.012   0.002
能出差                   5   0.011   0.012   0.002
全局观                   1   0.002   0.002   0.000
total  450
