名称             频数      频率      最高比率    相对比率    
逻辑思维能力              389   0.864   1.000   0.165
学习能力                307   0.682   0.789   0.130
专业素质良好              225   0.500   0.578   0.095
团队协作能力              181   0.402   0.465   0.077
沟通表达能力              175   0.389   0.450   0.074
设计能力                163   0.362   0.419   0.069
领悟能力                155   0.344   0.398   0.066
上进心                 152   0.338   0.391   0.064
人脉资源                 68   0.151   0.175   0.029
工作激情                 61   0.136   0.157   0.026
常用办公软件的使用            61   0.136   0.157   0.026
责任心                  54   0.120   0.139   0.023
服务意识                 48   0.107   0.123   0.020
文案能力                 46   0.102   0.118   0.020
领导能力                 42   0.093   0.108   0.018
遵纪守法                 41   0.091   0.105   0.017
创新能力                 34   0.076   0.087   0.014
抗压能力                 33   0.073   0.085   0.014
执行能力                 22   0.049   0.057   0.009
外语基础                 21   0.047   0.054   0.009
自律                   20   0.044   0.051   0.008
亲和力                   4   0.009   0.010   0.002
美术能力                  3   0.007   0.008   0.001
形象气质佳                 2   0.004   0.005   0.001
能出差                   2   0.004   0.005   0.001
应变能力                  1   0.002   0.003   0.000
total  450
