名称             频数      频率      最高比率    相对比率    
沟通表达能力               47   0.635   1.000   0.112
遵纪守法                 44   0.595   0.936   0.105
文案能力                 44   0.595   0.936   0.105
常用办公软件的使用            34   0.459   0.723   0.081
形象气质佳                24   0.324   0.511   0.057
逻辑思维能力               23   0.311   0.489   0.055
团队协作能力               22   0.297   0.468   0.053
执行能力                 21   0.284   0.447   0.050
责任心                  18   0.243   0.383   0.043
抗压能力                 15   0.203   0.319   0.036
专业素质良好               15   0.203   0.319   0.036
服务意识                 14   0.189   0.298   0.033
亲和力                  12   0.162   0.255   0.029
学习能力                 11   0.149   0.234   0.026
工作激情                 11   0.149   0.234   0.026
人际交往                  9   0.122   0.191   0.022
外语基础                  9   0.122   0.191   0.022
领悟能力                  8   0.108   0.170   0.019
人脉资源                  6   0.081   0.128   0.014
能出差                   6   0.081   0.128   0.014
领导能力                  6   0.081   0.128   0.014
设计能力                  3   0.041   0.064   0.007
创新能力                  2   0.027   0.043   0.005
审美能力                  2   0.027   0.043   0.005
应变能力                  1   0.014   0.021   0.002
上进心                   1   0.014   0.021   0.002
total  74
