名称             频数      频率      最高比率    相对比率    
学习能力                328   0.729   1.000   0.164
逻辑思维能力              320   0.711   0.976   0.160
专业素质良好              183   0.407   0.558   0.092
团队协作能力              138   0.307   0.421   0.069
沟通表达能力              125   0.278   0.381   0.063
上进心                 118   0.262   0.360   0.059
领悟能力                118   0.262   0.360   0.059
设计能力                117   0.260   0.357   0.059
人脉资源                 53   0.118   0.162   0.027
创新能力                 52   0.116   0.159   0.026
常用办公软件的使用            45   0.100   0.137   0.023
美术能力                 40   0.089   0.122   0.020
工作激情                 40   0.089   0.122   0.020
服务意识                 34   0.076   0.104   0.017
责任心                  28   0.062   0.085   0.014
遵纪守法                 26   0.058   0.079   0.013
外语基础                 24   0.053   0.073   0.012
抗压能力                 24   0.053   0.073   0.012
文案能力                 23   0.051   0.070   0.012
自律                   20   0.044   0.061   0.010
领导能力                 16   0.036   0.049   0.008
执行能力                 12   0.027   0.037   0.006
人际交往                  1   0.002   0.003   0.001
亲和力                   1   0.002   0.003   0.001
total  450
