名称             频数      频率      最高比率    相对比率    
逻辑思维能力              312   0.693   1.000   0.130
学习能力                257   0.571   0.824   0.107
专业素质良好              198   0.440   0.635   0.083
美术能力                186   0.413   0.596   0.077
设计能力                179   0.398   0.574   0.075
团队协作能力              166   0.369   0.532   0.069
沟通表达能力              154   0.342   0.494   0.064
领悟能力                110   0.244   0.353   0.046
上进心                 100   0.222   0.321   0.042
常用办公软件的使用            90   0.200   0.288   0.037
创新能力                 85   0.189   0.272   0.035
工作激情                 59   0.131   0.189   0.025
遵纪守法                 48   0.107   0.154   0.020
文案能力                 48   0.107   0.154   0.020
抗压能力                 43   0.096   0.138   0.018
责任心                  43   0.096   0.138   0.018
人脉资源                 40   0.089   0.128   0.017
外语基础                 36   0.080   0.115   0.015
执行能力                 35   0.078   0.112   0.015
服务意识                 34   0.076   0.109   0.014
领导能力                 27   0.060   0.087   0.011
审美能力                 22   0.049   0.071   0.009
形象气质佳                15   0.033   0.048   0.006
自律                   14   0.031   0.045   0.006
亲和力                  14   0.031   0.045   0.006
能出差                   5   0.011   0.016   0.002
应变能力                  2   0.004   0.006   0.001
关注行业                  2   0.004   0.006   0.001
人际交往                  2   0.004   0.006   0.001
total  450
