名称             频数      频率      最高比率    相对比率    
沟通表达能力                6   0.429   1.000   0.090
逻辑思维能力                6   0.429   1.000   0.090
工作激情                  5   0.357   0.833   0.075
常用办公软件的使用             5   0.357   0.833   0.075
抗压能力                  5   0.357   0.833   0.075
执行能力                  4   0.286   0.667   0.060
团队协作能力                4   0.286   0.667   0.060
专业素质良好                4   0.286   0.667   0.060
学习能力                  3   0.214   0.500   0.045
设计能力                  3   0.214   0.500   0.045
上进心                   2   0.143   0.333   0.030
应变能力                  2   0.143   0.333   0.030
文案能力                  2   0.143   0.333   0.030
创新能力                  2   0.143   0.333   0.030
外语基础                  2   0.143   0.333   0.030
服务意识                  2   0.143   0.333   0.030
责任心                   2   0.143   0.333   0.030
遵纪守法                  1   0.071   0.167   0.015
审美能力                  1   0.071   0.167   0.015
美术能力                  1   0.071   0.167   0.015
能出差                   1   0.071   0.167   0.015
领导能力                  1   0.071   0.167   0.015
亲和力                   1   0.071   0.167   0.015
total  14
