名称             频数      频率      最高比率    相对比率    
设计能力                388   0.862   1.000   0.128
逻辑思维能力              305   0.678   0.786   0.101
团队协作能力              288   0.640   0.742   0.095
专业素质良好              257   0.571   0.662   0.085
沟通表达能力              235   0.522   0.606   0.077
服务意识                194   0.431   0.500   0.064
领导能力                186   0.413   0.479   0.061
上进心                 178   0.396   0.459   0.059
文案能力                174   0.387   0.448   0.057
领悟能力                160   0.356   0.412   0.053
学习能力                143   0.318   0.369   0.047
责任心                  94   0.209   0.242   0.031
工作激情                 70   0.156   0.180   0.023
抗压能力                 64   0.142   0.165   0.021
遵纪守法                 59   0.131   0.152   0.019
创新能力                 50   0.111   0.129   0.016
执行能力                 37   0.082   0.095   0.012
人脉资源                 30   0.067   0.077   0.010
常用办公软件的使用            27   0.060   0.070   0.009
自律                   21   0.047   0.054   0.007
外语基础                 15   0.033   0.039   0.005
美术能力                  7   0.016   0.018   0.002
亲和力                   7   0.016   0.018   0.002
人际交往                  4   0.009   0.010   0.001
审美能力                  4   0.009   0.010   0.001
应变能力                  2   0.004   0.005   0.001
total  450
