名称             频数      频率      最高比率    相对比率    
逻辑思维能力               98   0.797   1.000   0.120
执行能力                 91   0.740   0.929   0.111
沟通表达能力               81   0.659   0.827   0.099
团队协作能力               72   0.585   0.735   0.088
创新能力                 71   0.577   0.724   0.087
文案能力                 66   0.537   0.673   0.081
专业素质良好               52   0.423   0.531   0.063
工作激情                 39   0.317   0.398   0.048
抗压能力                 35   0.285   0.357   0.043
设计能力                 30   0.244   0.306   0.037
领悟能力                 28   0.228   0.286   0.034
学习能力                 23   0.187   0.235   0.028
责任心                  20   0.163   0.204   0.024
遵纪守法                 18   0.146   0.184   0.022
领导能力                 18   0.146   0.184   0.022
上进心                  14   0.114   0.143   0.017
常用办公软件的使用            14   0.114   0.143   0.017
审美能力                  8   0.065   0.082   0.010
服务意识                  8   0.065   0.082   0.010
人脉资源                  7   0.057   0.071   0.009
亲和力                   5   0.041   0.051   0.006
外语基础                  3   0.024   0.031   0.004
关注行业                  3   0.024   0.031   0.004
能出差                   3   0.024   0.031   0.004
应变能力                  2   0.016   0.020   0.002
形象气质佳                 2   0.016   0.020   0.002
人际交往                  1   0.008   0.010   0.001
自律                    1   0.008   0.010   0.001
total  123
