名称             频数      频率      最高比率    相对比率    
团队协作能力               24   0.960   1.000   0.133
领导能力                 19   0.760   0.792   0.105
沟通表达能力               18   0.720   0.750   0.099
逻辑思维能力               18   0.720   0.750   0.099
上进心                  12   0.480   0.500   0.066
执行能力                 12   0.480   0.500   0.066
专业素质良好               12   0.480   0.500   0.066
设计能力                 10   0.400   0.417   0.055
文案能力                  8   0.320   0.333   0.044
责任心                   8   0.320   0.333   0.044
学习能力                  7   0.280   0.292   0.039
抗压能力                  7   0.280   0.292   0.039
创新能力                  6   0.240   0.250   0.033
人脉资源                  5   0.200   0.208   0.028
工作激情                  4   0.160   0.167   0.022
领悟能力                  4   0.160   0.167   0.022
遵纪守法                  3   0.120   0.125   0.017
服务意识                  1   0.040   0.042   0.006
外语基础                  1   0.040   0.042   0.006
美术能力                  1   0.040   0.042   0.006
total  25
