名称             频数      频率      最高比率    相对比率    
逻辑思维能力              299   0.664   1.000   0.107
文案能力                280   0.622   0.936   0.100
设计能力                269   0.598   0.900   0.096
沟通表达能力              257   0.571   0.860   0.092
执行能力                236   0.524   0.789   0.084
专业素质良好              233   0.518   0.779   0.083
团队协作能力              224   0.498   0.749   0.080
学习能力                147   0.327   0.492   0.052
工作激情                134   0.298   0.448   0.048
责任心                 128   0.284   0.428   0.046
遵纪守法                108   0.240   0.361   0.039
领悟能力                104   0.231   0.348   0.037
抗压能力                102   0.227   0.341   0.036
上进心                  56   0.124   0.187   0.020
服务意识                 44   0.098   0.147   0.016
领导能力                 34   0.076   0.114   0.012
创新能力                 26   0.058   0.087   0.009
人脉资源                 23   0.051   0.077   0.008
常用办公软件的使用            18   0.040   0.060   0.006
外语基础                 11   0.024   0.037   0.004
应变能力                  8   0.018   0.027   0.003
亲和力                   8   0.018   0.027   0.003
能出差                   5   0.011   0.017   0.002
自律                    3   0.007   0.010   0.001
美术能力                  3   0.007   0.010   0.001
total  450
