名称             频数      频率      最高比率    相对比率    
逻辑思维能力              286   0.636   1.000   0.099
文案能力                269   0.598   0.941   0.093
设计能力                269   0.598   0.941   0.093
团队协作能力              260   0.578   0.909   0.090
沟通表达能力              250   0.556   0.874   0.087
专业素质良好              230   0.511   0.804   0.080
执行能力                226   0.502   0.790   0.078
学习能力                136   0.302   0.476   0.047
工作激情                136   0.302   0.476   0.047
责任心                 131   0.291   0.458   0.045
抗压能力                112   0.249   0.392   0.039
遵纪守法                107   0.238   0.374   0.037
领悟能力                 98   0.218   0.343   0.034
领导能力                 94   0.209   0.329   0.033
上进心                  80   0.178   0.280   0.028
服务意识                 51   0.113   0.178   0.018
创新能力                 33   0.073   0.115   0.011
人脉资源                 19   0.042   0.066   0.007
常用办公软件的使用            17   0.038   0.059   0.006
外语基础                 16   0.036   0.056   0.006
自律                    7   0.016   0.024   0.002
应变能力                  6   0.013   0.021   0.002
亲和力                   6   0.013   0.021   0.002
能出差                   3   0.007   0.010   0.001
人际交往                  1   0.002   0.003   0.000
形象气质佳                 1   0.002   0.003   0.000
美术能力                  1   0.002   0.003   0.000
total  450
