名称             频数      频率      最高比率    相对比率    
逻辑思维能力              284   0.631   1.000   0.106
文案能力                270   0.600   0.951   0.101
设计能力                257   0.571   0.905   0.096
专业素质良好              232   0.516   0.817   0.087
沟通表达能力              230   0.511   0.810   0.086
团队协作能力              217   0.482   0.764   0.081
执行能力                211   0.469   0.743   0.079
工作激情                131   0.291   0.461   0.049
学习能力                127   0.282   0.447   0.047
责任心                 126   0.280   0.444   0.047
遵纪守法                104   0.231   0.366   0.039
抗压能力                102   0.227   0.359   0.038
领悟能力                 86   0.191   0.303   0.032
上进心                  65   0.144   0.229   0.024
服务意识                 44   0.098   0.155   0.016
领导能力                 38   0.084   0.134   0.014
创新能力                 27   0.060   0.095   0.010
常用办公软件的使用            20   0.044   0.070   0.007
人脉资源                 19   0.042   0.067   0.007
外语基础                 12   0.027   0.042   0.004
亲和力                   8   0.018   0.028   0.003
应变能力                  7   0.016   0.025   0.003
能出差                   5   0.011   0.018   0.002
自律                    3   0.007   0.011   0.001
美术能力                  2   0.004   0.007   0.001
形象气质佳                 1   0.002   0.004   0.000
total  450
