名称             频数      频率      最高比率    相对比率    
设计能力                268   0.596   1.000   0.104
逻辑思维能力              251   0.558   0.937   0.097
团队协作能力              240   0.533   0.896   0.093
沟通表达能力              232   0.516   0.866   0.090
专业素质良好              209   0.464   0.780   0.081
文案能力                171   0.380   0.638   0.066
执行能力                161   0.358   0.601   0.062
学习能力                159   0.353   0.593   0.061
工作激情                124   0.276   0.463   0.048
上进心                 121   0.269   0.451   0.047
抗压能力                 96   0.213   0.358   0.037
创新能力                 90   0.200   0.336   0.035
责任心                  87   0.193   0.325   0.034
服务意识                 81   0.180   0.302   0.031
领悟能力                 68   0.151   0.254   0.026
遵纪守法                 45   0.100   0.168   0.017
领导能力                 30   0.067   0.112   0.012
应变能力                 21   0.047   0.078   0.008
常用办公软件的使用            19   0.042   0.071   0.007
人脉资源                 14   0.031   0.052   0.005
自律                   12   0.027   0.045   0.005
外语基础                 10   0.022   0.037   0.004
亲和力                   9   0.020   0.034   0.003
美术能力                  1   0.002   0.004   0.000
能出差                   1   0.002   0.004   0.000
total  450
