名称             频数      频率      最高比率    相对比率    
学习能力                292   0.747   1.000   0.186
逻辑思维能力              272   0.696   0.932   0.173
专业素质良好              128   0.327   0.438   0.082
团队协作能力              113   0.289   0.387   0.072
美术能力                107   0.274   0.366   0.068
领悟能力                 84   0.215   0.288   0.054
设计能力                 81   0.207   0.277   0.052
沟通表达能力               63   0.161   0.216   0.040
上进心                  62   0.159   0.212   0.039
常用办公软件的使用            47   0.120   0.161   0.030
外语基础                 37   0.095   0.127   0.024
创新能力                 36   0.092   0.123   0.023
责任心                  26   0.066   0.089   0.017
人脉资源                 21   0.054   0.072   0.013
工作激情                 19   0.049   0.065   0.012
服务意识                 18   0.046   0.062   0.011
文案能力                 17   0.043   0.058   0.011
自律                   17   0.043   0.058   0.011
遵纪守法                 15   0.038   0.051   0.010
抗压能力                 12   0.031   0.041   0.008
领导能力                  6   0.015   0.021   0.004
执行能力                  4   0.010   0.014   0.003
人际交往                  1   0.003   0.003   0.001
亲和力                   1   0.003   0.003   0.001
total  391
