名称             频数      频率      最高比率    相对比率    
沟通表达能力              182   0.687   1.000   0.104
逻辑思维能力              174   0.657   0.956   0.099
文案能力                172   0.649   0.945   0.098
团队协作能力              142   0.536   0.780   0.081
专业素质良好              127   0.479   0.698   0.072
工作激情                120   0.453   0.659   0.068
遵纪守法                118   0.445   0.648   0.067
责任心                 115   0.434   0.632   0.066
设计能力                115   0.434   0.632   0.066
抗压能力                105   0.396   0.577   0.060
执行能力                 97   0.366   0.533   0.055
学习能力                 75   0.283   0.412   0.043
领悟能力                 56   0.211   0.308   0.032
上进心                  21   0.079   0.115   0.012
常用办公软件的使用            18   0.068   0.099   0.010
创新能力                 17   0.064   0.093   0.010
领导能力                 17   0.064   0.093   0.010
亲和力                  11   0.042   0.060   0.006
人际交往                 10   0.038   0.055   0.006
美术能力                  9   0.034   0.049   0.005
外语基础                  8   0.030   0.044   0.005
服务意识                  7   0.026   0.038   0.004
自律                    3   0.011   0.016   0.002
人脉资源                  1   0.004   0.005   0.001
能出差                   1   0.004   0.005   0.001
total  265
