名称             频数      频率      最高比率    相对比率    
美术能力                328   0.729   1.000   0.112
设计能力                287   0.638   0.875   0.098
团队协作能力              275   0.611   0.838   0.094
沟通表达能力              269   0.598   0.820   0.092
专业素质良好              199   0.442   0.607   0.068
逻辑思维能力              152   0.338   0.463   0.052
创新能力                151   0.336   0.460   0.052
常用办公软件的使用           151   0.336   0.460   0.052
责任心                 136   0.302   0.415   0.046
工作激情                130   0.289   0.396   0.044
抗压能力                112   0.249   0.341   0.038
学习能力                102   0.227   0.311   0.035
领悟能力                 99   0.220   0.302   0.034
遵纪守法                 87   0.193   0.265   0.030
审美能力                 76   0.169   0.232   0.026
执行能力                 59   0.131   0.180   0.020
文案能力                 57   0.127   0.174   0.019
上进心                  48   0.107   0.146   0.016
服务意识                 40   0.089   0.122   0.014
领导能力                 39   0.087   0.119   0.013
亲和力                  29   0.064   0.088   0.010
人脉资源                 19   0.042   0.058   0.006
外语基础                 10   0.022   0.030   0.003
形象气质佳                 8   0.018   0.024   0.003
应变能力                  7   0.016   0.021   0.002
关注行业                  7   0.016   0.021   0.002
能出差                   6   0.013   0.018   0.002
自律                    5   0.011   0.015   0.002
人际交往                  4   0.009   0.012   0.001
total  450
