名称             频数      频率      最高比率    相对比率    
设计能力                281   0.824   1.000   0.114
逻辑思维能力              266   0.780   0.947   0.108
沟通表达能力              230   0.674   0.819   0.094
文案能力                210   0.616   0.747   0.085
团队协作能力              190   0.557   0.676   0.077
美术能力                172   0.504   0.612   0.070
专业素质良好              136   0.399   0.484   0.055
工作激情                116   0.340   0.413   0.047
抗压能力                108   0.317   0.384   0.044
执行能力                104   0.305   0.370   0.042
创新能力                 89   0.261   0.317   0.036
常用办公软件的使用            82   0.240   0.292   0.033
遵纪守法                 80   0.235   0.285   0.033
领悟能力                 79   0.232   0.281   0.032
学习能力                 78   0.229   0.278   0.032
责任心                  69   0.202   0.246   0.028
领导能力                 43   0.126   0.153   0.018
审美能力                 18   0.053   0.064   0.007
外语基础                 17   0.050   0.060   0.007
上进心                  17   0.050   0.060   0.007
人脉资源                 14   0.041   0.050   0.006
亲和力                  13   0.038   0.046   0.005
自律                    9   0.026   0.032   0.004
服务意识                  7   0.021   0.025   0.003
关注行业                  4   0.012   0.014   0.002
应变能力                  3   0.009   0.011   0.001
人际交往                  2   0.006   0.007   0.001
全局观                   1   0.003   0.004   0.000
能出差                   1   0.003   0.004   0.000
total  341
