名称             频数      频率      最高比率    相对比率    
设计能力                370   0.822   1.000   0.123
逻辑思维能力              368   0.818   0.995   0.122
沟通表达能力              279   0.620   0.754   0.093
团队协作能力              239   0.531   0.646   0.079
文案能力                192   0.427   0.519   0.064
专业素质良好              184   0.409   0.497   0.061
抗压能力                165   0.367   0.446   0.055
工作激情                156   0.347   0.422   0.052
常用办公软件的使用           146   0.324   0.395   0.049
美术能力                122   0.271   0.330   0.041
遵纪守法                119   0.264   0.322   0.040
学习能力                116   0.258   0.314   0.039
领悟能力                100   0.222   0.270   0.033
执行能力                 97   0.216   0.262   0.032
创新能力                 86   0.191   0.232   0.029
责任心                  82   0.182   0.222   0.027
领导能力                 33   0.073   0.089   0.011
上进心                  25   0.056   0.068   0.008
亲和力                  23   0.051   0.062   0.008
人脉资源                 22   0.049   0.059   0.007
审美能力                 15   0.033   0.041   0.005
自律                   12   0.027   0.032   0.004
服务意识                 12   0.027   0.032   0.004
外语基础                 10   0.022   0.027   0.003
关注行业                  4   0.009   0.011   0.001
人际交往                  4   0.009   0.011   0.001
应变能力                  3   0.007   0.008   0.001
全局观                   2   0.004   0.005   0.001
形象气质佳                 1   0.002   0.003   0.000
能出差                   1   0.002   0.003   0.000
total  450
