名称             频数      频率      最高比率    相对比率    
美术能力                 64   1.143   1.000   0.178
设计能力                 42   0.750   0.656   0.117
团队协作能力               35   0.625   0.547   0.097
专业素质良好               34   0.607   0.531   0.095
沟通表达能力               29   0.518   0.453   0.081
责任心                  18   0.321   0.281   0.050
遵纪守法                 17   0.304   0.266   0.047
常用办公软件的使用            16   0.286   0.250   0.045
抗压能力                 15   0.268   0.234   0.042
学习能力                 14   0.250   0.219   0.039
领悟能力                 14   0.250   0.219   0.039
创新能力                 13   0.232   0.203   0.036
审美能力                 11   0.196   0.172   0.031
工作激情                 11   0.196   0.172   0.031
上进心                   5   0.089   0.078   0.014
逻辑思维能力                5   0.089   0.078   0.014
人脉资源                  4   0.071   0.062   0.011
领导能力                  4   0.071   0.062   0.011
执行能力                  3   0.054   0.047   0.008
自律                    1   0.018   0.016   0.003
人际交往                  1   0.018   0.016   0.003
亲和力                   1   0.018   0.016   0.003
total  56
