名称             频数      频率      最高比率    相对比率    
沟通表达能力              342   0.760   1.000   0.129
团队协作能力              275   0.611   0.804   0.103
工作激情                224   0.498   0.655   0.084
抗压能力                209   0.464   0.611   0.079
服务意识                195   0.433   0.570   0.073
学习能力                181   0.402   0.529   0.068
责任心                 170   0.378   0.497   0.064
亲和力                 144   0.320   0.421   0.054
逻辑思维能力              131   0.291   0.383   0.049
遵纪守法                127   0.282   0.371   0.048
执行能力                 79   0.176   0.231   0.030
上进心                  75   0.167   0.219   0.028
应变能力                 74   0.164   0.216   0.028
专业素质良好               68   0.151   0.199   0.026
常用办公软件的使用            61   0.136   0.178   0.023
领悟能力                 57   0.127   0.167   0.021
创新能力                 53   0.118   0.155   0.020
领导能力                 50   0.111   0.146   0.019
形象气质佳                27   0.060   0.079   0.010
人脉资源                 20   0.044   0.058   0.008
自律                   18   0.040   0.053   0.007
人际交往                  8   0.018   0.023   0.003
文案能力                  7   0.016   0.020   0.003
外语基础                  7   0.016   0.020   0.003
设计能力                  5   0.011   0.015   0.002
能出差                   1   0.002   0.003   0.000
total  450
