名称             频数      频率      最高比率    相对比率    
设计能力                 12   0.923   1.000   0.169
团队协作能力                9   0.692   0.750   0.127
专业素质良好                8   0.615   0.667   0.113
沟通表达能力                6   0.462   0.500   0.085
文案能力                  6   0.462   0.500   0.085
创新能力                  5   0.385   0.417   0.070
逻辑思维能力                5   0.385   0.417   0.070
外语基础                  4   0.308   0.333   0.056
领导能力                  3   0.231   0.250   0.042
学习能力                  3   0.231   0.250   0.042
遵纪守法                  2   0.154   0.167   0.028
常用办公软件的使用             2   0.154   0.167   0.028
上进心                   1   0.077   0.083   0.014
自律                    1   0.077   0.083   0.014
工作激情                  1   0.077   0.083   0.014
责任心                   1   0.077   0.083   0.014
抗压能力                  1   0.077   0.083   0.014
total  13
