名称             频数      频率      最高比率    相对比率    
逻辑思维能力              283   0.629   1.000   0.105
文案能力                273   0.607   0.965   0.101
设计能力                264   0.587   0.933   0.098
沟通表达能力              233   0.518   0.823   0.086
专业素质良好              226   0.502   0.799   0.084
执行能力                219   0.487   0.774   0.081
团队协作能力              208   0.462   0.735   0.077
工作激情                137   0.304   0.484   0.051
学习能力                132   0.293   0.466   0.049
责任心                 125   0.278   0.442   0.046
抗压能力                112   0.249   0.396   0.041
遵纪守法                108   0.240   0.382   0.040
领悟能力                 88   0.196   0.311   0.033
上进心                  63   0.140   0.223   0.023
服务意识                 43   0.096   0.152   0.016
领导能力                 39   0.087   0.138   0.014
创新能力                 27   0.060   0.095   0.010
人脉资源                 21   0.047   0.074   0.008
常用办公软件的使用            21   0.047   0.074   0.008
外语基础                 12   0.027   0.042   0.004
亲和力                   8   0.018   0.028   0.003
应变能力                  6   0.013   0.021   0.002
自律                    3   0.007   0.011   0.001
能出差                   2   0.004   0.007   0.001
形象气质佳                 1   0.002   0.004   0.000
美术能力                  1   0.002   0.004   0.000
total  450
