名称             频数      频率      最高比率    相对比率    
设计能力                330   0.733   1.000   0.139
专业素质良好              246   0.547   0.745   0.103
团队协作能力              240   0.533   0.727   0.101
逻辑思维能力              204   0.453   0.618   0.086
沟通表达能力              187   0.416   0.567   0.079
文案能力                187   0.416   0.567   0.079
责任心                 108   0.240   0.327   0.045
学习能力                105   0.233   0.318   0.044
常用办公软件的使用            98   0.218   0.297   0.041
工作激情                 87   0.193   0.264   0.037
外语基础                 86   0.191   0.261   0.036
抗压能力                 82   0.182   0.248   0.034
遵纪守法                 79   0.176   0.239   0.033
上进心                  74   0.164   0.224   0.031
领导能力                 56   0.124   0.170   0.024
领悟能力                 36   0.080   0.109   0.015
创新能力                 27   0.060   0.082   0.011
服务意识                 24   0.053   0.073   0.010
能出差                  22   0.049   0.067   0.009
人脉资源                 20   0.044   0.061   0.008
执行能力                 18   0.040   0.055   0.008
亲和力                   8   0.018   0.024   0.003
自律                    6   0.013   0.018   0.003
美术能力                  3   0.007   0.009   0.001
应变能力                  1   0.002   0.003   0.000
total  450
