名称             频数      频率      最高比率    相对比率    
设计能力                400   0.889   1.000   0.127
逻辑思维能力              321   0.713   0.802   0.102
沟通表达能力              306   0.680   0.765   0.097
团队协作能力              285   0.633   0.713   0.090
美术能力                205   0.456   0.512   0.065
专业素质良好              190   0.422   0.475   0.060
工作激情                174   0.387   0.435   0.055
领悟能力                170   0.378   0.425   0.054
创新能力                153   0.340   0.383   0.049
常用办公软件的使用           112   0.249   0.280   0.036
学习能力                111   0.247   0.278   0.035
文案能力                 87   0.193   0.217   0.028
上进心                  80   0.178   0.200   0.025
责任心                  80   0.178   0.200   0.025
抗压能力                 77   0.171   0.193   0.024
执行能力                 72   0.160   0.180   0.023
遵纪守法                 57   0.127   0.142   0.018
领导能力                 45   0.100   0.113   0.014
外语基础                 35   0.078   0.087   0.011
人脉资源                 35   0.078   0.087   0.011
审美能力                 34   0.076   0.085   0.011
自律                   24   0.053   0.060   0.008
服务意识                 16   0.036   0.040   0.005
亲和力                  14   0.031   0.035   0.004
形象气质佳                 9   0.020   0.022   0.003
关注行业                  7   0.016   0.018   0.002
全局观                   5   0.011   0.013   0.002
能出差                   4   0.009   0.010   0.001
应变能力                  2   0.004   0.005   0.001
total  450
