名称             频数      频率      最高比率    相对比率    
逻辑思维能力               59   0.656   1.000   0.113
文案能力                 52   0.578   0.881   0.100
专业素质良好               47   0.522   0.797   0.090
沟通表达能力               43   0.478   0.729   0.082
团队协作能力               41   0.456   0.695   0.079
设计能力                 33   0.367   0.559   0.063
责任心                  32   0.356   0.542   0.061
执行能力                 29   0.322   0.492   0.056
学习能力                 24   0.267   0.407   0.046
遵纪守法                 23   0.256   0.390   0.044
工作激情                 21   0.233   0.356   0.040
抗压能力                 19   0.211   0.322   0.036
外语基础                 14   0.156   0.237   0.027
上进心                  13   0.144   0.220   0.025
常用办公软件的使用            13   0.144   0.220   0.025
创新能力                 10   0.111   0.169   0.019
领导能力                  9   0.100   0.153   0.017
领悟能力                  7   0.078   0.119   0.013
能出差                   6   0.067   0.102   0.011
人脉资源                  4   0.044   0.068   0.008
应变能力                  4   0.044   0.068   0.008
亲和力                   4   0.044   0.068   0.008
服务意识                  3   0.033   0.051   0.006
美术能力                  1   0.011   0.017   0.002
total  90
