名称             频数      频率      最高比率    相对比率    
设计能力                380   0.844   1.000   0.152
专业素质良好              279   0.620   0.734   0.112
团队协作能力              230   0.511   0.605   0.092
逻辑思维能力              216   0.480   0.568   0.086
沟通表达能力              183   0.407   0.482   0.073
文案能力                177   0.393   0.466   0.071
常用办公软件的使用           139   0.309   0.366   0.056
责任心                 123   0.273   0.324   0.049
遵纪守法                106   0.236   0.279   0.042
工作激情                 89   0.198   0.234   0.036
学习能力                 88   0.196   0.232   0.035
外语基础                 87   0.193   0.229   0.035
上进心                  82   0.182   0.216   0.033
领导能力                 79   0.176   0.208   0.032
抗压能力                 67   0.149   0.176   0.027
创新能力                 32   0.071   0.084   0.013
领悟能力                 30   0.067   0.079   0.012
执行能力                 23   0.051   0.061   0.009
服务意识                 18   0.040   0.047   0.007
能出差                  16   0.036   0.042   0.006
人脉资源                 13   0.029   0.034   0.005
亲和力                   6   0.013   0.016   0.002
美术能力                  2   0.004   0.005   0.001
应变能力                  1   0.002   0.003   0.000
形象气质佳                 1   0.002   0.003   0.000
自律                    1   0.002   0.003   0.000
total  450
