名称             频数      频率      最高比率    相对比率    
团队协作能力               40   0.656   1.000   0.112
沟通表达能力               36   0.590   0.900   0.101
设计能力                 36   0.590   0.900   0.101
专业素质良好               33   0.541   0.825   0.092
逻辑思维能力               33   0.541   0.825   0.092
文案能力                 21   0.344   0.525   0.059
学习能力                 20   0.328   0.500   0.056
上进心                  19   0.311   0.475   0.053
领悟能力                 18   0.295   0.450   0.050
领导能力                 13   0.213   0.325   0.036
工作激情                 11   0.180   0.275   0.031
责任心                  11   0.180   0.275   0.031
遵纪守法                 10   0.164   0.250   0.028
服务意识                 10   0.164   0.250   0.028
抗压能力                  9   0.148   0.225   0.025
创新能力                  8   0.131   0.200   0.022
常用办公软件的使用             6   0.098   0.150   0.017
执行能力                  4   0.066   0.100   0.011
亲和力                   4   0.066   0.100   0.011
美术能力                  3   0.049   0.075   0.008
审美能力                  2   0.033   0.050   0.006
外语基础                  2   0.033   0.050   0.006
能出差                   2   0.033   0.050   0.006
人脉资源                  1   0.016   0.025   0.003
自律                    1   0.016   0.025   0.003
total  61
