名称             频数      频率      最高比率    相对比率    
逻辑思维能力              394   0.876   1.000   0.168
学习能力                362   0.804   0.919   0.154
专业素质良好              228   0.507   0.579   0.097
团队协作能力              168   0.373   0.426   0.072
设计能力                166   0.369   0.421   0.071
沟通表达能力              159   0.353   0.404   0.068
领悟能力                121   0.269   0.307   0.052
上进心                 116   0.258   0.294   0.049
工作激情                 67   0.149   0.170   0.029
创新能力                 60   0.133   0.152   0.026
人脉资源                 56   0.124   0.142   0.024
美术能力                 53   0.118   0.135   0.023
常用办公软件的使用            52   0.116   0.132   0.022
责任心                  50   0.111   0.127   0.021
文案能力                 41   0.091   0.104   0.017
外语基础                 40   0.089   0.102   0.017
遵纪守法                 38   0.084   0.096   0.016
服务意识                 33   0.073   0.084   0.014
抗压能力                 30   0.067   0.076   0.013
自律                   26   0.058   0.066   0.011
领导能力                 22   0.049   0.056   0.009
执行能力                  8   0.018   0.020   0.003
能出差                   4   0.009   0.010   0.002
亲和力                   3   0.007   0.008   0.001
total  450
