名称             频数      频率      最高比率    相对比率    
逻辑思维能力              368   0.818   1.000   0.168
学习能力                269   0.598   0.731   0.123
专业素质良好              229   0.509   0.622   0.105
设计能力                189   0.420   0.514   0.086
沟通表达能力              167   0.371   0.454   0.076
团队协作能力              156   0.347   0.424   0.071
领悟能力                130   0.289   0.353   0.059
服务意识                 87   0.193   0.236   0.040
上进心                  86   0.191   0.234   0.039
工作激情                 66   0.147   0.179   0.030
责任心                  63   0.140   0.171   0.029
创新能力                 44   0.098   0.120   0.020
抗压能力                 43   0.096   0.117   0.020
领导能力                 41   0.091   0.111   0.019
执行能力                 35   0.078   0.095   0.016
人脉资源                 34   0.076   0.092   0.016
遵纪守法                 29   0.064   0.079   0.013
自律                   22   0.049   0.060   0.010
常用办公软件的使用            17   0.038   0.046   0.008
文案能力                 13   0.029   0.035   0.006
外语基础                 11   0.024   0.030   0.005
亲和力                   6   0.013   0.016   0.003
审美能力                  3   0.007   0.008   0.001
关注行业                  2   0.004   0.005   0.001
美术能力                  2   0.004   0.005   0.001
能出差                   1   0.002   0.003   0.000
total  450
