名称             频数      频率      最高比率    相对比率    
抗压能力                  4   2.000   1.000   0.167
遵纪守法                  2   1.000   0.500   0.083
工作激情                  2   1.000   0.500   0.083
执行能力                  2   1.000   0.500   0.083
领悟能力                  2   1.000   0.500   0.083
人脉资源                  2   1.000   0.500   0.083
团队协作能力                2   1.000   0.500   0.083
文案能力                  2   1.000   0.500   0.083
沟通表达能力                2   1.000   0.500   0.083
逻辑思维能力                2   1.000   0.500   0.083
能出差                   1   0.500   0.250   0.042
设计能力                  1   0.500   0.250   0.042
total  2
