名称             频数      频率      最高比率    相对比率    
服务意识                 26   0.605   1.000   0.130
沟通表达能力               24   0.558   0.923   0.120
逻辑思维能力               17   0.395   0.654   0.085
团队协作能力               16   0.372   0.615   0.080
领导能力                 12   0.279   0.462   0.060
遵纪守法                 12   0.279   0.462   0.060
学习能力                 10   0.233   0.385   0.050
工作激情                 10   0.233   0.385   0.050
常用办公软件的使用            10   0.233   0.385   0.050
文案能力                 10   0.233   0.385   0.050
专业素质良好               10   0.233   0.385   0.050
责任心                  10   0.233   0.385   0.050
执行能力                  9   0.209   0.346   0.045
抗压能力                  8   0.186   0.308   0.040
设计能力                  5   0.116   0.192   0.025
领悟能力                  3   0.070   0.115   0.015
上进心                   2   0.047   0.077   0.010
应变能力                  1   0.023   0.038   0.005
total  43
