名称             频数      频率      最高比率    相对比率    
沟通表达能力               70   0.673   1.000   0.100
团队协作能力               64   0.615   0.914   0.092
服务意识                 64   0.615   0.914   0.092
专业素质良好               57   0.548   0.814   0.082
文案能力                 56   0.538   0.800   0.080
设计能力                 46   0.442   0.657   0.066
学习能力                 40   0.385   0.571   0.057
逻辑思维能力               37   0.356   0.529   0.053
抗压能力                 29   0.279   0.414   0.041
责任心                  28   0.269   0.400   0.040
领导能力                 27   0.260   0.386   0.039
能出差                  24   0.231   0.343   0.034
上进心                  21   0.202   0.300   0.030
常用办公软件的使用            21   0.202   0.300   0.030
遵纪守法                 20   0.192   0.286   0.029
工作激情                 16   0.154   0.229   0.023
外语基础                 12   0.115   0.171   0.017
执行能力                 12   0.115   0.171   0.017
创新能力                 12   0.115   0.171   0.017
领悟能力                  9   0.087   0.129   0.013
人脉资源                  8   0.077   0.114   0.011
亲和力                   4   0.038   0.057   0.006
应变能力                  3   0.029   0.043   0.004
形象气质佳                 3   0.029   0.043   0.004
美术能力                  3   0.029   0.043   0.004
自律                    2   0.019   0.029   0.003
人际交往                  2   0.019   0.029   0.003
全局观                   1   0.010   0.014   0.001
关注行业                  1   0.010   0.014   0.001
total  104
