名称             频数      频率      最高比率    相对比率    
逻辑思维能力              243   0.540   1.000   0.109
沟通表达能力              209   0.464   0.860   0.094
专业素质良好              204   0.453   0.840   0.092
设计能力                196   0.436   0.807   0.088
团队协作能力              190   0.422   0.782   0.085
服务意识                159   0.353   0.654   0.071
文案能力                138   0.307   0.568   0.062
学习能力                137   0.304   0.564   0.062
责任心                 104   0.231   0.428   0.047
领导能力                 75   0.167   0.309   0.034
遵纪守法                 70   0.156   0.288   0.031
上进心                  69   0.153   0.284   0.031
领悟能力                 55   0.122   0.226   0.025
工作激情                 53   0.118   0.218   0.024
外语基础                 52   0.116   0.214   0.023
抗压能力                 50   0.111   0.206   0.022
执行能力                 37   0.082   0.152   0.017
常用办公软件的使用            34   0.076   0.140   0.015
创新能力                 23   0.051   0.095   0.010
人脉资源                 17   0.038   0.070   0.008
能出差                  15   0.033   0.062   0.007
自律                   12   0.027   0.049   0.005
亲和力                   7   0.016   0.029   0.003
人际交往                  3   0.007   0.012   0.001
应变能力                  1   0.002   0.004   0.000
美术能力                  1   0.002   0.004   0.000
total  450
