名称             频数      频率      最高比率    相对比率    
逻辑思维能力               26   0.743   1.000   0.173
专业素质良好               15   0.429   0.577   0.100
团队协作能力               14   0.400   0.538   0.093
沟通表达能力               12   0.343   0.462   0.080
文案能力                 11   0.314   0.423   0.073
学习能力                 10   0.286   0.385   0.067
服务意识                  9   0.257   0.346   0.060
设计能力                  9   0.257   0.346   0.060
领悟能力                  7   0.200   0.269   0.047
工作激情                  4   0.114   0.154   0.027
执行能力                  4   0.114   0.154   0.027
上进心                   3   0.086   0.115   0.020
遵纪守法                  3   0.086   0.115   0.020
领导能力                  3   0.086   0.115   0.020
常用办公软件的使用             3   0.086   0.115   0.020
抗压能力                  3   0.086   0.115   0.020
责任心                   3   0.086   0.115   0.020
创新能力                  2   0.057   0.077   0.013
人脉资源                  2   0.057   0.077   0.013
外语基础                  1   0.029   0.038   0.007
自律                    1   0.029   0.038   0.007
total  35
