名称             频数      频率      最高比率    相对比率    
逻辑思维能力               76   0.594   1.000   0.117
沟通表达能力               65   0.508   0.855   0.100
专业素质良好               60   0.469   0.789   0.092
团队协作能力               59   0.461   0.776   0.090
服务意识                 51   0.398   0.671   0.078
设计能力                 38   0.297   0.500   0.058
文案能力                 35   0.273   0.461   0.054
学习能力                 32   0.250   0.421   0.049
常用办公软件的使用            29   0.227   0.382   0.044
领悟能力                 28   0.219   0.368   0.043
责任心                  28   0.219   0.368   0.043
领导能力                 24   0.188   0.316   0.037
工作激情                 20   0.156   0.263   0.031
遵纪守法                 18   0.141   0.237   0.028
抗压能力                 18   0.141   0.237   0.028
上进心                  16   0.125   0.211   0.025
执行能力                 12   0.094   0.158   0.018
创新能力                 11   0.086   0.145   0.017
外语基础                 10   0.078   0.132   0.015
人脉资源                  7   0.055   0.092   0.011
亲和力                   3   0.023   0.039   0.005
形象气质佳                 1   0.008   0.013   0.002
能出差                   1   0.008   0.013   0.002
total  128
