名称             频数      频率      最高比率    相对比率    
专业素质良好              219   0.503   1.000   0.096
沟通表达能力              215   0.494   0.982   0.094
服务意识                204   0.469   0.932   0.089
逻辑思维能力              203   0.467   0.927   0.089
设计能力                188   0.432   0.858   0.082
团队协作能力              180   0.414   0.822   0.079
文案能力                132   0.303   0.603   0.058
责任心                 113   0.260   0.516   0.049
学习能力                 98   0.225   0.447   0.043
抗压能力                 96   0.221   0.438   0.042
遵纪守法                 90   0.207   0.411   0.039
工作激情                 88   0.202   0.402   0.039
领导能力                 66   0.152   0.301   0.029
领悟能力                 66   0.152   0.301   0.029
常用办公软件的使用            65   0.149   0.297   0.028
上进心                  61   0.140   0.279   0.027
执行能力                 44   0.101   0.201   0.019
外语基础                 31   0.071   0.142   0.014
能出差                  25   0.057   0.114   0.011
创新能力                 21   0.048   0.096   0.009
亲和力                  18   0.041   0.082   0.008
人脉资源                 16   0.037   0.073   0.007
应变能力                  4   0.009   0.018   0.002
自律                    3   0.007   0.014   0.001
人际交往                  2   0.005   0.009   0.001
美术能力                  2   0.005   0.009   0.001
形象气质佳                 1   0.002   0.005   0.000
total  435
