名称             频数      频率      最高比率    相对比率    
设计能力                401   0.891   1.000   0.119
沟通表达能力              297   0.660   0.741   0.088
美术能力                297   0.660   0.741   0.088
团队协作能力              275   0.611   0.686   0.082
创新能力                221   0.491   0.551   0.066
常用办公软件的使用           205   0.456   0.511   0.061
专业素质良好              203   0.451   0.506   0.060
逻辑思维能力              196   0.436   0.489   0.058
领悟能力                178   0.396   0.444   0.053
工作激情                155   0.344   0.387   0.046
责任心                 144   0.320   0.359   0.043
抗压能力                109   0.242   0.272   0.032
审美能力                105   0.233   0.262   0.031
学习能力                104   0.231   0.259   0.031
遵纪守法                 77   0.171   0.192   0.023
文案能力                 72   0.160   0.180   0.021
执行能力                 68   0.151   0.170   0.020
上进心                  63   0.140   0.157   0.019
领导能力                 32   0.071   0.080   0.010
形象气质佳                25   0.056   0.062   0.007
人脉资源                 22   0.049   0.055   0.007
服务意识                 22   0.049   0.055   0.007
自律                   20   0.044   0.050   0.006
亲和力                  13   0.029   0.032   0.004
外语基础                 12   0.027   0.030   0.004
关注行业                  5   0.011   0.012   0.001
全局观                   2   0.004   0.005   0.001
能出差                   2   0.004   0.005   0.001
total  450
