名称             频数      频率      最高比率    相对比率    
文案能力                228   0.535   1.000   0.102
逻辑思维能力              213   0.500   0.934   0.096
设计能力                209   0.491   0.917   0.094
团队协作能力              195   0.458   0.855   0.088
沟通表达能力              193   0.453   0.846   0.087
专业素质良好              176   0.413   0.772   0.079
执行能力                168   0.394   0.737   0.075
学习能力                121   0.284   0.531   0.054
责任心                  95   0.223   0.417   0.043
工作激情                 88   0.207   0.386   0.040
上进心                  73   0.171   0.320   0.033
领悟能力                 59   0.138   0.259   0.026
遵纪守法                 58   0.136   0.254   0.026
抗压能力                 58   0.136   0.254   0.026
服务意识                 52   0.122   0.228   0.023
创新能力                 43   0.101   0.189   0.019
领导能力                 37   0.087   0.162   0.017
外语基础                 26   0.061   0.114   0.012
常用办公软件的使用            22   0.052   0.096   0.010
人脉资源                 20   0.047   0.088   0.009
自律                   18   0.042   0.079   0.008
应变能力                  6   0.014   0.026   0.003
亲和力                   4   0.009   0.018   0.002
能出差                   3   0.007   0.013   0.001
审美能力                  1   0.002   0.004   0.000
全局观                   1   0.002   0.004   0.000
美术能力                  1   0.002   0.004   0.000
total  426
