名称             频数      频率      最高比率    相对比率    
设计能力                221   0.508   1.000   0.097
文案能力                213   0.490   0.964   0.094
逻辑思维能力              206   0.474   0.932   0.090
沟通表达能力              196   0.451   0.887   0.086
团队协作能力              193   0.444   0.873   0.085
专业素质良好              178   0.409   0.805   0.078
执行能力                155   0.356   0.701   0.068
学习能力                123   0.283   0.557   0.054
责任心                  89   0.205   0.403   0.039
工作激情                 87   0.200   0.394   0.038
上进心                  72   0.166   0.326   0.032
抗压能力                 71   0.163   0.321   0.031
服务意识                 66   0.152   0.299   0.029
遵纪守法                 62   0.143   0.281   0.027
领悟能力                 56   0.129   0.253   0.025
领导能力                 47   0.108   0.213   0.021
创新能力                 45   0.103   0.204   0.020
常用办公软件的使用            38   0.087   0.172   0.017
外语基础                 24   0.055   0.109   0.011
人脉资源                 22   0.051   0.100   0.010
自律                   19   0.044   0.086   0.008
能出差                  17   0.039   0.077   0.007
亲和力                   8   0.018   0.036   0.004
应变能力                  7   0.016   0.032   0.003
美术能力                  6   0.014   0.027   0.003
形象气质佳                 1   0.002   0.005   0.000
total  435
