名称             频数      频率      最高比率    相对比率    
逻辑思维能力              359   0.798   1.000   0.167
学习能力                334   0.742   0.930   0.155
专业素质良好              271   0.602   0.755   0.126
团队协作能力              183   0.407   0.510   0.085
领悟能力                147   0.327   0.409   0.068
沟通表达能力              125   0.278   0.348   0.058
设计能力                106   0.236   0.295   0.049
上进心                  98   0.218   0.273   0.045
外语基础                 76   0.169   0.212   0.035
责任心                  50   0.111   0.139   0.023
工作激情                 47   0.104   0.131   0.022
常用办公软件的使用            46   0.102   0.128   0.021
服务意识                 46   0.102   0.128   0.021
抗压能力                 39   0.087   0.109   0.018
人脉资源                 36   0.080   0.100   0.017
创新能力                 32   0.071   0.089   0.015
遵纪守法                 30   0.067   0.084   0.014
文案能力                 28   0.062   0.078   0.013
自律                   22   0.049   0.061   0.010
领导能力                 14   0.031   0.039   0.006
执行能力                  3   0.007   0.008   0.001
美术能力                  2   0.004   0.006   0.001
关注行业                  1   0.002   0.003   0.000
亲和力                   1   0.002   0.003   0.000
能出差                   1   0.002   0.003   0.000
total  450
