名称             频数      频率      最高比率    相对比率    
逻辑思维能力              351   0.780   1.000   0.120
沟通表达能力              267   0.593   0.761   0.091
专业素质良好              232   0.516   0.661   0.079
团队协作能力              216   0.480   0.615   0.074
文案能力                214   0.476   0.610   0.073
设计能力                156   0.347   0.444   0.053
遵纪守法                146   0.324   0.416   0.050
学习能力                135   0.300   0.385   0.046
上进心                 111   0.247   0.316   0.038
领悟能力                108   0.240   0.308   0.037
工作激情                107   0.238   0.305   0.036
常用办公软件的使用           103   0.229   0.293   0.035
执行能力                 99   0.220   0.282   0.034
创新能力                 93   0.207   0.265   0.032
责任心                  87   0.193   0.248   0.030
抗压能力                 84   0.187   0.239   0.029
领导能力                 82   0.182   0.234   0.028
人脉资源                 71   0.158   0.202   0.024
服务意识                 66   0.147   0.188   0.022
外语基础                 61   0.136   0.174   0.021
亲和力                  38   0.084   0.108   0.013
美术能力                 14   0.031   0.040   0.005
自律                   13   0.029   0.037   0.004
能出差                  12   0.027   0.034   0.004
应变能力                  7   0.016   0.020   0.002
人际交往                  7   0.016   0.020   0.002
形象气质佳                 6   0.013   0.017   0.002
关注行业                  6   0.013   0.017   0.002
total  450
