名称             频数      频率      最高比率    相对比率    
美术能力                519   1.153   1.000   0.144
设计能力                407   0.904   0.784   0.113
创新能力                304   0.676   0.586   0.084
团队协作能力              293   0.651   0.565   0.081
沟通表达能力              253   0.562   0.487   0.070
常用办公软件的使用           208   0.462   0.401   0.058
专业素质良好              196   0.436   0.378   0.054
审美能力                159   0.353   0.306   0.044
领悟能力                159   0.353   0.306   0.044
责任心                 146   0.324   0.281   0.040
逻辑思维能力              144   0.320   0.277   0.040
工作激情                140   0.311   0.270   0.039
抗压能力                115   0.256   0.222   0.032
执行能力                 99   0.220   0.191   0.027
学习能力                 76   0.169   0.146   0.021
上进心                  73   0.162   0.141   0.020
遵纪守法                 72   0.160   0.139   0.020
形象气质佳                51   0.113   0.098   0.014
领导能力                 48   0.107   0.092   0.013
文案能力                 25   0.056   0.048   0.007
人脉资源                 22   0.049   0.042   0.006
服务意识                 16   0.036   0.031   0.004
亲和力                  14   0.031   0.027   0.004
外语基础                 11   0.024   0.021   0.003
关注行业                  7   0.016   0.013   0.002
自律                    7   0.016   0.013   0.002
人际交往                  4   0.009   0.008   0.001
应变能力                  2   0.004   0.004   0.001
全局观                   1   0.002   0.002   0.000
能出差                   1   0.002   0.002   0.000
total  450
