名称             频数      频率      最高比率    相对比率    
美术能力                537   1.193   1.000   0.147
设计能力                414   0.920   0.771   0.113
创新能力                302   0.671   0.562   0.083
团队协作能力              296   0.658   0.551   0.081
沟通表达能力              260   0.578   0.484   0.071
常用办公软件的使用           217   0.482   0.404   0.059
专业素质良好              203   0.451   0.378   0.056
领悟能力                162   0.360   0.302   0.044
责任心                 153   0.340   0.285   0.042
审美能力                149   0.331   0.277   0.041
工作激情                143   0.318   0.266   0.039
逻辑思维能力              142   0.316   0.264   0.039
抗压能力                127   0.282   0.236   0.035
执行能力                106   0.236   0.197   0.029
学习能力                 82   0.182   0.153   0.022
遵纪守法                 75   0.167   0.140   0.021
上进心                  63   0.140   0.117   0.017
形象气质佳                47   0.104   0.088   0.013
领导能力                 41   0.091   0.076   0.011
文案能力                 26   0.058   0.048   0.007
人脉资源                 22   0.049   0.041   0.006
服务意识                 14   0.031   0.026   0.004
亲和力                  13   0.029   0.024   0.004
外语基础                  8   0.018   0.015   0.002
关注行业                  8   0.018   0.015   0.002
自律                    7   0.016   0.013   0.002
人际交往                  3   0.007   0.006   0.001
应变能力                  2   0.004   0.004   0.001
total  450
