名称             频数      频率      最高比率    相对比率    
逻辑思维能力              235   0.687   1.000   0.165
学习能力                195   0.570   0.830   0.137
团队协作能力              125   0.365   0.532   0.088
专业素质良好              122   0.357   0.519   0.086
沟通表达能力               96   0.281   0.409   0.068
设计能力                 70   0.205   0.298   0.049
领悟能力                 68   0.199   0.289   0.048
外语基础                 60   0.175   0.255   0.042
人脉资源                 47   0.137   0.200   0.033
上进心                  46   0.135   0.196   0.032
文案能力                 36   0.105   0.153   0.025
责任心                  36   0.105   0.153   0.025
美术能力                 34   0.099   0.145   0.024
创新能力                 34   0.099   0.145   0.024
常用办公软件的使用            30   0.088   0.128   0.021
工作激情                 26   0.076   0.111   0.018
抗压能力                 26   0.076   0.111   0.018
遵纪守法                 23   0.067   0.098   0.016
服务意识                 19   0.056   0.081   0.013
领导能力                 16   0.047   0.068   0.011
执行能力                 12   0.035   0.051   0.008
亲和力                   5   0.015   0.021   0.004
能出差                   3   0.009   0.013   0.002
total  342
