名称             频数      频率      最高比率    相对比率    
遵纪守法                228   1.349   1.000   0.188
逻辑思维能力              147   0.870   0.645   0.121
领导能力                123   0.728   0.539   0.101
沟通表达能力              102   0.604   0.447   0.084
团队协作能力               90   0.533   0.395   0.074
执行能力                 85   0.503   0.373   0.070
专业素质良好               76   0.450   0.333   0.063
责任心                  66   0.391   0.289   0.054
上进心                  63   0.373   0.276   0.052
常用办公软件的使用            37   0.219   0.162   0.031
创新能力                 30   0.178   0.132   0.025
抗压能力                 30   0.178   0.132   0.025
人脉资源                 24   0.142   0.105   0.020
领悟能力                 19   0.112   0.083   0.016
工作激情                 18   0.107   0.079   0.015
文案能力                 16   0.095   0.070   0.013
设计能力                 11   0.065   0.048   0.009
学习能力                  9   0.053   0.039   0.007
应变能力                  8   0.047   0.035   0.007
外语基础                  8   0.047   0.035   0.007
服务意识                  6   0.036   0.026   0.005
能出差                   4   0.024   0.018   0.003
人际交往                  2   0.012   0.009   0.002
审美能力                  1   0.006   0.004   0.001
自律                    1   0.006   0.004   0.001
total  169
