名称             频数      频率      最高比率    相对比率    
沟通表达能力               14   0.583   1.000   0.113
团队协作能力               11   0.458   0.786   0.089
逻辑思维能力               11   0.458   0.786   0.089
遵纪守法                 10   0.417   0.714   0.081
常用办公软件的使用            10   0.417   0.714   0.081
专业素质良好                8   0.333   0.571   0.065
责任心                   8   0.333   0.571   0.065
文案能力                  5   0.208   0.357   0.040
领悟能力                  5   0.208   0.357   0.040
亲和力                   5   0.208   0.357   0.040
人脉资源                  4   0.167   0.286   0.032
学习能力                  4   0.167   0.286   0.032
领导能力                  4   0.167   0.286   0.032
能出差                   4   0.167   0.286   0.032
工作激情                  4   0.167   0.286   0.032
抗压能力                  4   0.167   0.286   0.032
创新能力                  3   0.125   0.214   0.024
执行能力                  3   0.125   0.214   0.024
设计能力                  3   0.125   0.214   0.024
应变能力                  2   0.083   0.143   0.016
上进心                   1   0.042   0.071   0.008
total  24
