名称             频数      频率      最高比率    相对比率    
服务意识                213   0.473   1.000   0.091
团队协作能力              209   0.464   0.981   0.090
沟通表达能力              203   0.451   0.953   0.087
设计能力                202   0.449   0.948   0.087
逻辑思维能力              192   0.427   0.901   0.082
专业素质良好              178   0.396   0.836   0.076
学习能力                152   0.338   0.714   0.065
责任心                 120   0.267   0.563   0.052
上进心                 111   0.247   0.521   0.048
文案能力                 99   0.220   0.465   0.043
常用办公软件的使用            95   0.211   0.446   0.041
领悟能力                 86   0.191   0.404   0.037
遵纪守法                 85   0.189   0.399   0.036
工作激情                 82   0.182   0.385   0.035
抗压能力                 60   0.133   0.282   0.026
领导能力                 49   0.109   0.230   0.021
自律                   33   0.073   0.155   0.014
执行能力                 24   0.053   0.113   0.010
外语基础                 21   0.047   0.099   0.009
人脉资源                 16   0.036   0.075   0.007
创新能力                 13   0.029   0.061   0.006
亲和力                  11   0.024   0.052   0.005
能出差                   6   0.013   0.028   0.003
应变能力                  1   0.002   0.005   0.000
人际交往                  1   0.002   0.005   0.000
美术能力                  1   0.002   0.005   0.000
total  450
