名称             频数      频率      最高比率    相对比率    
服务意识                336   0.747   1.000   0.137
沟通表达能力              228   0.507   0.679   0.093
逻辑思维能力              206   0.458   0.613   0.084
团队协作能力              202   0.449   0.601   0.083
专业素质良好              192   0.427   0.571   0.078
学习能力                158   0.351   0.470   0.065
文案能力                141   0.313   0.420   0.058
责任心                 141   0.313   0.420   0.058
设计能力                109   0.242   0.324   0.045
遵纪守法                 97   0.216   0.289   0.040
工作激情                 95   0.211   0.283   0.039
上进心                  94   0.209   0.280   0.038
领悟能力                 85   0.189   0.253   0.035
抗压能力                 78   0.173   0.232   0.032
领导能力                 69   0.153   0.205   0.028
常用办公软件的使用            61   0.136   0.182   0.025
执行能力                 43   0.096   0.128   0.018
外语基础                 21   0.047   0.062   0.009
亲和力                  16   0.036   0.048   0.007
自律                   13   0.029   0.039   0.005
能出差                  10   0.022   0.030   0.004
人脉资源                  9   0.020   0.027   0.004
创新能力                  5   0.011   0.015   0.002
应变能力                  4   0.009   0.012   0.002
人际交往                  4   0.009   0.012   0.002
形象气质佳                 1   0.002   0.003   0.000
total  450
