名称             频数      频率      最高比率    相对比率    
团队协作能力               28   0.933   1.000   0.128
服务意识                 24   0.800   0.857   0.110
沟通表达能力               21   0.700   0.750   0.096
领导能力                 19   0.633   0.679   0.087
专业素质良好               18   0.600   0.643   0.083
逻辑思维能力               14   0.467   0.500   0.064
设计能力                 12   0.400   0.429   0.055
学习能力                 11   0.367   0.393   0.050
领悟能力                 11   0.367   0.393   0.050
责任心                  10   0.333   0.357   0.046
抗压能力                  8   0.267   0.286   0.037
遵纪守法                  7   0.233   0.250   0.032
文案能力                  7   0.233   0.250   0.032
创新能力                  5   0.167   0.179   0.023
自律                    5   0.167   0.179   0.023
工作激情                  5   0.167   0.179   0.023
执行能力                  5   0.167   0.179   0.023
上进心                   4   0.133   0.143   0.018
常用办公软件的使用             4   0.133   0.143   0.018
total  30
