名称             频数      频率      最高比率    相对比率    
服务意识                317   0.704   1.000   0.128
沟通表达能力              237   0.527   0.748   0.096
团队协作能力              218   0.484   0.688   0.088
逻辑思维能力              190   0.422   0.599   0.077
专业素质良好              190   0.422   0.599   0.077
学习能力                160   0.356   0.505   0.065
责任心                 151   0.336   0.476   0.061
文案能力                125   0.278   0.394   0.051
设计能力                111   0.247   0.350   0.045
遵纪守法                 97   0.216   0.306   0.039
工作激情                 93   0.207   0.293   0.038
上进心                  91   0.202   0.287   0.037
抗压能力                 91   0.202   0.287   0.037
领悟能力                 79   0.176   0.249   0.032
领导能力                 78   0.173   0.246   0.032
常用办公软件的使用            69   0.153   0.218   0.028
执行能力                 50   0.111   0.158   0.020
亲和力                  21   0.047   0.066   0.008
外语基础                 18   0.040   0.057   0.007
能出差                  16   0.036   0.050   0.006
自律                   13   0.029   0.041   0.005
应变能力                 10   0.022   0.032   0.004
人脉资源                  9   0.020   0.028   0.004
创新能力                  6   0.013   0.019   0.002
人际交往                  4   0.009   0.013   0.002
形象气质佳                 2   0.004   0.006   0.001
total  450
