名称             频数      频率      最高比率    相对比率    
团队协作能力               78   0.655   1.000   0.113
服务意识                 78   0.655   1.000   0.113
沟通表达能力               64   0.538   0.821   0.092
领导能力                 51   0.429   0.654   0.074
设计能力                 50   0.420   0.641   0.072
专业素质良好               47   0.395   0.603   0.068
逻辑思维能力               45   0.378   0.577   0.065
文案能力                 32   0.269   0.410   0.046
抗压能力                 32   0.269   0.410   0.046
责任心                  32   0.269   0.410   0.046
学习能力                 27   0.227   0.346   0.039
执行能力                 26   0.218   0.333   0.038
领悟能力                 23   0.193   0.295   0.033
上进心                  19   0.160   0.244   0.027
工作激情                 15   0.126   0.192   0.022
常用办公软件的使用            13   0.109   0.167   0.019
遵纪守法                 12   0.101   0.154   0.017
人脉资源                  7   0.059   0.090   0.010
自律                    7   0.059   0.090   0.010
创新能力                  6   0.050   0.077   0.009
能出差                   6   0.050   0.077   0.009
外语基础                  3   0.025   0.038   0.004
应变能力                  2   0.017   0.026   0.003
亲和力                   2   0.017   0.026   0.003
形象气质佳                 1   0.008   0.013   0.001
total  119
