名称             频数      频率      最高比率    相对比率    
逻辑思维能力              310   0.689   1.000   0.107
沟通表达能力              309   0.687   0.997   0.106
团队协作能力              253   0.562   0.816   0.087
执行能力                196   0.436   0.632   0.067
抗压能力                159   0.353   0.513   0.055
文案能力                151   0.336   0.487   0.052
工作激情                147   0.327   0.474   0.051
责任心                 146   0.324   0.471   0.050
遵纪守法                141   0.313   0.455   0.049
专业素质良好              141   0.313   0.455   0.049
常用办公软件的使用           135   0.300   0.435   0.046
学习能力                129   0.287   0.416   0.044
创新能力                 99   0.220   0.319   0.034
服务意识                 99   0.220   0.319   0.034
领导能力                 78   0.173   0.252   0.027
设计能力                 64   0.142   0.206   0.022
领悟能力                 60   0.133   0.194   0.021
亲和力                  58   0.129   0.187   0.020
上进心                  52   0.116   0.168   0.018
外语基础                 45   0.100   0.145   0.015
人脉资源                 26   0.058   0.084   0.009
应变能力                 16   0.036   0.052   0.006
审美能力                 14   0.031   0.045   0.005
自律                   13   0.029   0.042   0.004
形象气质佳                12   0.027   0.039   0.004
人际交往                  8   0.018   0.026   0.003
美术能力                  8   0.018   0.026   0.003
能出差                   6   0.013   0.019   0.002
关注行业                  3   0.007   0.010   0.001
total  450
