名称             频数      频率      最高比率    相对比率    
团队协作能力              380   0.844   1.000   0.125
逻辑思维能力              333   0.740   0.876   0.109
领导能力                277   0.616   0.729   0.091
沟通表达能力              270   0.600   0.711   0.089
执行能力                243   0.540   0.639   0.080
创新能力                205   0.456   0.539   0.067
领悟能力                132   0.293   0.347   0.043
专业素质良好              131   0.291   0.345   0.043
抗压能力                117   0.260   0.308   0.038
责任心                 117   0.260   0.308   0.038
服务意识                110   0.244   0.289   0.036
遵纪守法                 95   0.211   0.250   0.031
工作激情                 90   0.200   0.237   0.030
人脉资源                 75   0.167   0.197   0.025
学习能力                 74   0.164   0.195   0.024
文案能力                 70   0.156   0.184   0.023
设计能力                 64   0.142   0.168   0.021
上进心                  62   0.138   0.163   0.020
自律                   24   0.053   0.063   0.008
人际交往                 22   0.049   0.058   0.007
常用办公软件的使用            21   0.047   0.055   0.007
亲和力                  21   0.047   0.055   0.007
形象气质佳                20   0.044   0.053   0.007
应变能力                 15   0.033   0.039   0.005
能出差                  14   0.031   0.037   0.005
外语基础                 13   0.029   0.034   0.004
审美能力                  9   0.020   0.024   0.003
美术能力                  6   0.013   0.016   0.002
关注行业                  6   0.013   0.016   0.002
全局观                   4   0.009   0.011   0.001
total  450
