名称             频数      频率      最高比率    相对比率    
沟通表达能力              119   0.778   1.000   0.138
团队协作能力               95   0.621   0.798   0.110
遵纪守法                 89   0.582   0.748   0.103
责任心                  60   0.392   0.504   0.069
逻辑思维能力               58   0.379   0.487   0.067
常用办公软件的使用            54   0.353   0.454   0.062
执行能力                 52   0.340   0.437   0.060
抗压能力                 48   0.314   0.403   0.056
工作激情                 35   0.229   0.294   0.041
专业素质良好               31   0.203   0.261   0.036
创新能力                 30   0.196   0.252   0.035
学习能力                 22   0.144   0.185   0.025
领导能力                 19   0.124   0.160   0.022
上进心                  18   0.118   0.151   0.021
服务意识                 18   0.118   0.151   0.021
外语基础                 17   0.111   0.143   0.020
亲和力                  14   0.092   0.118   0.016
人脉资源                 12   0.078   0.101   0.014
领悟能力                 12   0.078   0.101   0.014
能出差                  11   0.072   0.092   0.013
文案能力                 10   0.065   0.084   0.012
设计能力                  7   0.046   0.059   0.008
人际交往                  6   0.039   0.050   0.007
审美能力                  5   0.033   0.042   0.006
应变能力                  4   0.026   0.034   0.005
形象气质佳                 4   0.026   0.034   0.005
自律                    4   0.026   0.034   0.005
全局观                   1   0.007   0.008   0.001
total  153
