名称             频数      频率      最高比率    相对比率    
遵纪守法                 67   1.136   1.000   0.213
专业素质良好               31   0.525   0.463   0.098
沟通表达能力               30   0.508   0.448   0.095
团队协作能力               23   0.390   0.343   0.073
逻辑思维能力               23   0.390   0.343   0.073
文案能力                 19   0.322   0.284   0.060
工作激情                 15   0.254   0.224   0.048
服务意识                 13   0.220   0.194   0.041
责任心                  12   0.203   0.179   0.038
外语基础                  9   0.153   0.134   0.029
执行能力                  8   0.136   0.119   0.025
学习能力                  7   0.119   0.104   0.022
常用办公软件的使用             7   0.119   0.104   0.022
人脉资源                  6   0.102   0.090   0.019
应变能力                  5   0.085   0.075   0.016
创新能力                  5   0.085   0.075   0.016
设计能力                  5   0.085   0.075   0.016
上进心                   4   0.068   0.060   0.013
领导能力                  4   0.068   0.060   0.013
亲和力                   4   0.068   0.060   0.013
抗压能力                  4   0.068   0.060   0.013
能出差                   2   0.034   0.030   0.006
人际交往                  1   0.017   0.015   0.003
形象气质佳                 1   0.017   0.015   0.003
领悟能力                  1   0.017   0.015   0.003
total  59
