名称             频数      频率      最高比率    相对比率    
遵纪守法                 11   0.917   1.000   0.151
团队协作能力               10   0.833   0.909   0.137
沟通表达能力                8   0.667   0.727   0.110
责任心                   7   0.583   0.636   0.096
学习能力                  6   0.500   0.545   0.082
常用办公软件的使用             6   0.500   0.545   0.082
专业素质良好                5   0.417   0.455   0.068
逻辑思维能力                4   0.333   0.364   0.055
工作激情                  3   0.250   0.273   0.041
文案能力                  3   0.250   0.273   0.041
设计能力                  2   0.167   0.182   0.027
抗压能力                  2   0.167   0.182   0.027
应变能力                  1   0.083   0.091   0.014
领导能力                  1   0.083   0.091   0.014
执行能力                  1   0.083   0.091   0.014
服务意识                  1   0.083   0.091   0.014
创新能力                  1   0.083   0.091   0.014
人脉资源                  1   0.083   0.091   0.014
total  12
