名称             频数      频率      最高比率    相对比率    
遵纪守法                225   1.066   1.000   0.183
常用办公软件的使用           138   0.654   0.613   0.112
沟通表达能力              127   0.602   0.564   0.103
专业素质良好              111   0.526   0.493   0.090
逻辑思维能力              108   0.512   0.480   0.088
团队协作能力               95   0.450   0.422   0.077
责任心                  91   0.431   0.404   0.074
抗压能力                 63   0.299   0.280   0.051
学习能力                 52   0.246   0.231   0.042
工作激情                 41   0.194   0.182   0.033
执行能力                 39   0.185   0.173   0.032
领导能力                 17   0.081   0.076   0.014
上进心                  17   0.081   0.076   0.014
领悟能力                 17   0.081   0.076   0.014
外语基础                 14   0.066   0.062   0.011
服务意识                 13   0.062   0.058   0.011
创新能力                 12   0.057   0.053   0.010
亲和力                   9   0.043   0.040   0.007
文案能力                  8   0.038   0.036   0.006
应变能力                  7   0.033   0.031   0.006
人脉资源                  5   0.024   0.022   0.004
设计能力                  2   0.009   0.009   0.002
自律                    2   0.009   0.009   0.002
人际交往                  2   0.009   0.009   0.002
能出差                   1   0.005   0.004   0.001
total  211
