名称             频数      频率      最高比率    相对比率    
遵纪守法                222   1.414   1.000   0.215
沟通表达能力              118   0.752   0.532   0.114
逻辑思维能力               94   0.599   0.423   0.091
专业素质良好               88   0.561   0.396   0.085
团队协作能力               68   0.433   0.306   0.066
文案能力                 62   0.395   0.279   0.060
责任心                  45   0.287   0.203   0.044
服务意识                 43   0.274   0.194   0.042
执行能力                 37   0.236   0.167   0.036
抗压能力                 36   0.229   0.162   0.035
外语基础                 26   0.166   0.117   0.025
工作激情                 24   0.153   0.108   0.023
设计能力                 24   0.153   0.108   0.023
领导能力                 20   0.127   0.090   0.019
学习能力                 19   0.121   0.086   0.018
人脉资源                 15   0.096   0.068   0.015
应变能力                 15   0.096   0.068   0.015
常用办公软件的使用            15   0.096   0.068   0.015
上进心                  13   0.083   0.059   0.013
人际交往                 12   0.076   0.054   0.012
亲和力                  11   0.070   0.050   0.011
创新能力                  9   0.057   0.041   0.009
能出差                   9   0.057   0.041   0.009
领悟能力                  3   0.019   0.014   0.003
形象气质佳                 1   0.006   0.005   0.001
total  157
