名称             频数      频率      最高比率    相对比率    
沟通表达能力              351   0.780   1.000   0.109
团队协作能力              322   0.716   0.917   0.100
抗压能力                220   0.489   0.627   0.068
创新能力                218   0.484   0.621   0.068
逻辑思维能力              208   0.462   0.593   0.065
工作激情                206   0.458   0.587   0.064
服务意识                199   0.442   0.567   0.062
遵纪守法                170   0.378   0.484   0.053
执行能力                154   0.342   0.439   0.048
专业素质良好              149   0.331   0.425   0.046
学习能力                114   0.253   0.325   0.035
责任心                 113   0.251   0.322   0.035
亲和力                 112   0.249   0.319   0.035
领导能力                109   0.242   0.311   0.034
人脉资源                 86   0.191   0.245   0.027
上进心                  73   0.162   0.208   0.023
能出差                  68   0.151   0.194   0.021
领悟能力                 66   0.147   0.188   0.021
形象气质佳                59   0.131   0.168   0.018
常用办公软件的使用            53   0.118   0.151   0.016
人际交往                 37   0.082   0.105   0.012
应变能力                 33   0.073   0.094   0.010
文案能力                 30   0.067   0.085   0.009
自律                   15   0.033   0.043   0.005
外语基础                 14   0.031   0.040   0.004
设计能力                 10   0.022   0.028   0.003
审美能力                  2   0.004   0.006   0.001
全局观                   1   0.002   0.003   0.000
美术能力                  1   0.002   0.003   0.000
total  450
