名称             频数      频率      最高比率    相对比率    
沟通表达能力              388   0.862   1.000   0.118
团队协作能力              328   0.729   0.845   0.100
领导能力                298   0.662   0.768   0.091
逻辑思维能力              273   0.607   0.704   0.083
抗压能力                188   0.418   0.485   0.057
执行能力                184   0.409   0.474   0.056
专业素质良好              174   0.387   0.448   0.053
文案能力                173   0.384   0.446   0.053
责任心                 167   0.371   0.430   0.051
设计能力                152   0.338   0.392   0.046
工作激情                141   0.313   0.363   0.043
遵纪守法                117   0.260   0.302   0.036
学习能力                 92   0.204   0.237   0.028
服务意识                 91   0.202   0.235   0.028
领悟能力                 89   0.198   0.229   0.027
能出差                  75   0.167   0.193   0.023
常用办公软件的使用            68   0.151   0.175   0.021
人脉资源                 60   0.133   0.155   0.018
上进心                  45   0.100   0.116   0.014
创新能力                 39   0.087   0.101   0.012
亲和力                  34   0.076   0.088   0.010
外语基础                 30   0.067   0.077   0.009
应变能力                 15   0.033   0.039   0.005
自律                   13   0.029   0.034   0.004
人际交往                  8   0.018   0.021   0.002
形象气质佳                 6   0.013   0.015   0.002
美术能力                  1   0.002   0.003   0.000
审美能力                  1   0.002   0.003   0.000
total  450
