名称             频数      频率      最高比率    相对比率    
沟通表达能力              358   0.796   1.000   0.120
团队协作能力              262   0.582   0.732   0.088
逻辑思维能力              234   0.520   0.654   0.078
执行能力                187   0.416   0.522   0.062
文案能力                173   0.384   0.483   0.058
常用办公软件的使用           166   0.369   0.464   0.055
工作激情                162   0.360   0.453   0.054
遵纪守法                161   0.358   0.450   0.054
责任心                 150   0.333   0.419   0.050
专业素质良好              142   0.316   0.397   0.047
抗压能力                131   0.291   0.366   0.044
领导能力                120   0.267   0.335   0.040
学习能力                106   0.236   0.296   0.035
亲和力                  83   0.184   0.232   0.028
服务意识                 68   0.151   0.190   0.023
设计能力                 64   0.142   0.179   0.021
领悟能力                 61   0.136   0.170   0.020
外语基础                 56   0.124   0.156   0.019
人脉资源                 52   0.116   0.145   0.017
上进心                  47   0.104   0.131   0.016
创新能力                 43   0.096   0.120   0.014
能出差                  41   0.091   0.115   0.014
人际交往                 23   0.051   0.064   0.008
形象气质佳                22   0.049   0.061   0.007
应变能力                 18   0.040   0.050   0.006
自律                   12   0.027   0.034   0.004
美术能力                 12   0.027   0.034   0.004
审美能力                  4   0.009   0.011   0.001
关注行业                  1   0.002   0.003   0.000
total  450
