名称             频数      频率      最高比率    相对比率    
沟通表达能力              357   0.793   1.000   0.112
团队协作能力              305   0.678   0.854   0.096
逻辑思维能力              247   0.549   0.692   0.078
领导能力                230   0.511   0.644   0.072
执行能力                175   0.389   0.490   0.055
文案能力                169   0.376   0.473   0.053
专业素质良好              169   0.376   0.473   0.053
责任心                 158   0.351   0.443   0.050
抗压能力                155   0.344   0.434   0.049
设计能力                145   0.322   0.406   0.046
工作激情                128   0.284   0.359   0.040
遵纪守法                117   0.260   0.328   0.037
学习能力                108   0.240   0.303   0.034
领悟能力                100   0.222   0.280   0.031
常用办公软件的使用            87   0.193   0.244   0.027
服务意识                 85   0.189   0.238   0.027
创新能力                 70   0.156   0.196   0.022
人脉资源                 67   0.149   0.188   0.021
能出差                  59   0.131   0.165   0.019
上进心                  59   0.131   0.165   0.019
亲和力                  58   0.129   0.162   0.018
外语基础                 38   0.084   0.106   0.012
应变能力                 21   0.047   0.059   0.007
人际交往                 15   0.033   0.042   0.005
形象气质佳                15   0.033   0.042   0.005
自律                   11   0.024   0.031   0.003
美术能力                  5   0.011   0.014   0.002
关注行业                  2   0.004   0.006   0.001
审美能力                  2   0.004   0.006   0.001
total  450
