名称             频数      频率      最高比率    相对比率    
逻辑思维能力              205   0.865   1.000   0.136
遵纪守法                157   0.662   0.766   0.104
团队协作能力              133   0.561   0.649   0.088
沟通表达能力              117   0.494   0.571   0.078
设计能力                115   0.485   0.561   0.077
专业素质良好               90   0.380   0.439   0.060
责任心                  75   0.316   0.366   0.050
学习能力                 69   0.291   0.337   0.046
上进心                  61   0.257   0.298   0.041
文案能力                 59   0.249   0.288   0.039
领导能力                 58   0.245   0.283   0.039
常用办公软件的使用            58   0.245   0.283   0.039
执行能力                 52   0.219   0.254   0.035
领悟能力                 48   0.203   0.234   0.032
抗压能力                 43   0.181   0.210   0.029
工作激情                 41   0.173   0.200   0.027
创新能力                 37   0.156   0.180   0.025
人脉资源                 25   0.105   0.122   0.017
服务意识                 22   0.093   0.107   0.015
自律                    9   0.038   0.044   0.006
亲和力                   7   0.030   0.034   0.005
外语基础                  3   0.013   0.015   0.002
能出差                   3   0.013   0.015   0.002
人际交往                  2   0.008   0.010   0.001
美术能力                  1   0.004   0.005   0.001
形象气质佳                 1   0.004   0.005   0.001
total  237
