名称             频数      频率      最高比率    相对比率    
遵纪守法                428   0.951   1.000   0.149
逻辑思维能力              379   0.842   0.886   0.132
团队协作能力              265   0.589   0.619   0.092
沟通表达能力              239   0.531   0.558   0.083
设计能力                174   0.387   0.407   0.061
专业素质良好              174   0.387   0.407   0.061
责任心                 123   0.273   0.287   0.043
领导能力                121   0.269   0.283   0.042
文案能力                117   0.260   0.273   0.041
执行能力                115   0.256   0.269   0.040
学习能力                 99   0.220   0.231   0.035
工作激情                 95   0.211   0.222   0.033
抗压能力                 93   0.207   0.217   0.032
常用办公软件的使用            84   0.187   0.196   0.029
人脉资源                 64   0.142   0.150   0.022
领悟能力                 62   0.138   0.145   0.022
上进心                  55   0.122   0.129   0.019
创新能力                 45   0.100   0.105   0.016
服务意识                 44   0.098   0.103   0.015
能出差                  20   0.044   0.047   0.007
亲和力                  19   0.042   0.044   0.007
自律                   14   0.031   0.033   0.005
应变能力                  7   0.016   0.016   0.002
外语基础                  7   0.016   0.016   0.002
形象气质佳                 2   0.004   0.005   0.001
人际交往                  1   0.002   0.002   0.000
关注行业                  1   0.002   0.002   0.000
审美能力                  1   0.002   0.002   0.000
total  450
