名称             频数      频率      最高比率    相对比率    
设计能力                 34   0.466   1.000   0.113
团队协作能力               33   0.452   0.971   0.110
逻辑思维能力               33   0.452   0.971   0.110
专业素质良好               30   0.411   0.882   0.100
沟通表达能力               25   0.342   0.735   0.083
文案能力                 24   0.329   0.706   0.080
学习能力                 23   0.315   0.676   0.077
遵纪守法                 18   0.247   0.529   0.060
责任心                  15   0.205   0.441   0.050
领悟能力                 11   0.151   0.324   0.037
上进心                  10   0.137   0.294   0.033
外语基础                  9   0.123   0.265   0.030
常用办公软件的使用             7   0.096   0.206   0.023
自律                    4   0.055   0.118   0.013
工作激情                  4   0.055   0.118   0.013
服务意识                  4   0.055   0.118   0.013
人脉资源                  3   0.041   0.088   0.010
抗压能力                  3   0.041   0.088   0.010
创新能力                  1   0.014   0.029   0.003
领导能力                  1   0.014   0.029   0.003
亲和力                   1   0.014   0.029   0.003
total  73
