名称             频数      频率      最高比率    相对比率    
团队协作能力              290   0.644   1.000   0.098
沟通表达能力              265   0.589   0.914   0.089
逻辑思维能力              243   0.540   0.838   0.082
设计能力                242   0.538   0.834   0.082
专业素质良好              223   0.496   0.769   0.075
学习能力                171   0.380   0.590   0.058
领导能力                152   0.338   0.524   0.051
服务意识                149   0.331   0.514   0.050
领悟能力                140   0.311   0.483   0.047
上进心                 133   0.296   0.459   0.045
文案能力                133   0.296   0.459   0.045
责任心                 120   0.267   0.414   0.040
工作激情                111   0.247   0.383   0.037
遵纪守法                110   0.244   0.379   0.037
抗压能力                 97   0.216   0.334   0.033
执行能力                 71   0.158   0.245   0.024
创新能力                 58   0.129   0.200   0.020
亲和力                  45   0.100   0.155   0.015
人脉资源                 40   0.089   0.138   0.013
常用办公软件的使用            37   0.082   0.128   0.012
能出差                  20   0.044   0.069   0.007
外语基础                 14   0.031   0.048   0.005
审美能力                 13   0.029   0.045   0.004
自律                   11   0.024   0.038   0.004
美术能力                 10   0.022   0.034   0.003
形象气质佳                 8   0.018   0.028   0.003
应变能力                  7   0.016   0.024   0.002
人际交往                  6   0.013   0.021   0.002
total  450
