名称             频数      频率      最高比率    相对比率    
遵纪守法                 17   0.850   1.000   0.121
学习能力                 15   0.750   0.882   0.106
文案能力                 15   0.750   0.882   0.106
设计能力                 14   0.700   0.824   0.099
责任心                  13   0.650   0.765   0.092
逻辑思维能力               11   0.550   0.647   0.078
沟通表达能力               11   0.550   0.647   0.078
执行能力                 10   0.500   0.588   0.071
团队协作能力               10   0.500   0.588   0.071
工作激情                  7   0.350   0.412   0.050
专业素质良好                6   0.300   0.353   0.043
常用办公软件的使用             3   0.150   0.176   0.021
上进心                   2   0.100   0.118   0.014
抗压能力                  2   0.100   0.118   0.014
领导能力                  1   0.050   0.059   0.007
外语基础                  1   0.050   0.059   0.007
领悟能力                  1   0.050   0.059   0.007
total  20
