名称             频数      频率      最高比率    相对比率    
团队协作能力               50   0.685   1.000   0.111
逻辑思维能力               42   0.575   0.840   0.093
沟通表达能力               40   0.548   0.800   0.089
领导能力                 39   0.534   0.780   0.086
执行能力                 38   0.521   0.760   0.084
创新能力                 31   0.425   0.620   0.069
责任心                  25   0.342   0.500   0.055
遵纪守法                 21   0.288   0.420   0.047
抗压能力                 19   0.260   0.380   0.042
专业素质良好               17   0.233   0.340   0.038
文案能力                 16   0.219   0.320   0.035
领悟能力                 16   0.219   0.320   0.035
人脉资源                 15   0.205   0.300   0.033
工作激情                 12   0.164   0.240   0.027
上进心                  11   0.151   0.220   0.024
设计能力                 10   0.137   0.200   0.022
形象气质佳                 7   0.096   0.140   0.016
人际交往                  7   0.096   0.140   0.016
服务意识                  7   0.096   0.140   0.016
自律                    4   0.055   0.080   0.009
亲和力                   4   0.055   0.080   0.009
外语基础                  3   0.041   0.060   0.007
应变能力                  2   0.027   0.040   0.004
学习能力                  2   0.027   0.040   0.004
常用办公软件的使用             2   0.027   0.040   0.004
能出差                   2   0.027   0.040   0.004
审美能力                  1   0.014   0.020   0.002
total  73
