名称             频数      频率      最高比率    相对比率    
沟通表达能力             4211   0.655   1.000   0.101
团队协作能力             3930   0.611   0.933   0.094
逻辑思维能力             3711   0.577   0.881   0.089
文案能力               2728   0.424   0.648   0.065
执行能力               2383   0.371   0.566   0.057
专业素质良好             2258   0.351   0.536   0.054
创新能力               1994   0.310   0.474   0.048
责任心                1894   0.295   0.450   0.045
抗压能力               1891   0.294   0.449   0.045
遵纪守法               1799   0.280   0.427   0.043
工作激情               1731   0.269   0.411   0.042
服务意识               1731   0.269   0.411   0.042
学习能力               1554   0.242   0.369   0.037
领导能力               1541   0.240   0.366   0.037
常用办公软件的使用          1378   0.214   0.327   0.033
领悟能力               1235   0.192   0.293   0.030
设计能力                897   0.140   0.213   0.022
上进心                 766   0.119   0.182   0.018
亲和力                 746   0.116   0.177   0.018
人脉资源                571   0.089   0.136   0.014
外语基础                488   0.076   0.116   0.012
应变能力                330   0.051   0.078   0.008
审美能力                327   0.051   0.078   0.008
形象气质佳               271   0.042   0.064   0.006
能出差                 232   0.036   0.055   0.006
人际交往                221   0.034   0.052   0.005
自律                  195   0.030   0.046   0.005
美术能力                173   0.027   0.041   0.004
关注行业                 55   0.009   0.013   0.001
全局观                  15   0.002   0.004   0.000
total  6428
