名称             频数      频率      最高比率    相对比率    
团队协作能力              214   0.711   1.000   0.111
文案能力                191   0.635   0.893   0.099
沟通表达能力              151   0.502   0.706   0.078
逻辑思维能力              132   0.439   0.617   0.068
专业素质良好              126   0.419   0.589   0.065
创新能力                122   0.405   0.570   0.063
领导能力                117   0.389   0.547   0.061
执行能力                108   0.359   0.505   0.056
抗压能力                 86   0.286   0.402   0.045
遵纪守法                 76   0.252   0.355   0.039
责任心                  75   0.249   0.350   0.039
领悟能力                 64   0.213   0.299   0.033
工作激情                 62   0.206   0.290   0.032
人脉资源                 57   0.189   0.266   0.030
审美能力                 49   0.163   0.229   0.025
学习能力                 43   0.143   0.201   0.022
上进心                  37   0.123   0.173   0.019
外语基础                 33   0.110   0.154   0.017
设计能力                 33   0.110   0.154   0.017
常用办公软件的使用            31   0.103   0.145   0.016
美术能力                 27   0.090   0.126   0.014
自律                   18   0.060   0.084   0.009
服务意识                 15   0.050   0.070   0.008
亲和力                  14   0.047   0.065   0.007
人际交往                 11   0.037   0.051   0.006
形象气质佳                 7   0.023   0.033   0.004
能出差                   6   0.020   0.028   0.003
应变能力                  3   0.010   0.014   0.002
关注行业                  2   0.007   0.009   0.001
全局观                   1   0.003   0.005   0.001
total  301
