名称             频数      频率      最高比率    相对比率    
逻辑思维能力              240   0.854   1.000   0.129
沟通表达能力              196   0.698   0.817   0.105
团队协作能力              177   0.630   0.738   0.095
执行能力                127   0.452   0.529   0.068
专业素质良好              102   0.363   0.425   0.055
创新能力                 91   0.324   0.379   0.049
文案能力                 89   0.317   0.371   0.048
抗压能力                 87   0.310   0.362   0.047
责任心                  84   0.299   0.350   0.045
工作激情                 81   0.288   0.338   0.044
设计能力                 71   0.253   0.296   0.038
领悟能力                 69   0.246   0.287   0.037
遵纪守法                 66   0.235   0.275   0.036
学习能力                 66   0.235   0.275   0.036
领导能力                 65   0.231   0.271   0.035
常用办公软件的使用            59   0.210   0.246   0.032
上进心                  40   0.142   0.167   0.022
服务意识                 33   0.117   0.138   0.018
人脉资源                 26   0.093   0.108   0.014
自律                   14   0.050   0.058   0.008
外语基础                 13   0.046   0.054   0.007
亲和力                  11   0.039   0.046   0.006
能出差                   7   0.025   0.029   0.004
审美能力                  5   0.018   0.021   0.003
关注行业                  5   0.018   0.021   0.003
应变能力                  4   0.014   0.017   0.002
美术能力                  4   0.014   0.017   0.002
人际交往                  2   0.007   0.008   0.001
形象气质佳                 2   0.007   0.008   0.001
全局观                   1   0.004   0.004   0.001
total  281
