名称             频数      频率      最高比率    相对比率    
文案能力                313   0.696   1.000   0.129
沟通表达能力              217   0.482   0.693   0.089
团队协作能力              206   0.458   0.658   0.085
专业素质良好              171   0.380   0.546   0.070
逻辑思维能力              152   0.338   0.486   0.063
创新能力                150   0.333   0.479   0.062
执行能力                113   0.251   0.361   0.046
责任心                 111   0.247   0.355   0.046
遵纪守法                109   0.242   0.348   0.045
常用办公软件的使用           102   0.227   0.326   0.042
抗压能力                 97   0.216   0.310   0.040
学习能力                 94   0.209   0.300   0.039
工作激情                 81   0.180   0.259   0.033
审美能力                 72   0.160   0.230   0.030
领悟能力                 70   0.156   0.224   0.029
外语基础                 58   0.129   0.185   0.024
设计能力                 44   0.098   0.141   0.018
上进心                  32   0.071   0.102   0.013
美术能力                 31   0.069   0.099   0.013
领导能力                 30   0.067   0.096   0.012
人脉资源                 29   0.064   0.093   0.012
亲和力                  26   0.058   0.083   0.011
服务意识                 20   0.044   0.064   0.008
形象气质佳                16   0.036   0.051   0.007
人际交往                 11   0.024   0.035   0.005
自律                    8   0.018   0.026   0.003
能出差                   5   0.011   0.016   0.002
应变能力                  2   0.004   0.006   0.001
关注行业                  1   0.002   0.003   0.000
total  450
