名称             频数      频率      最高比率    相对比率    
团队协作能力              156   0.629   1.000   0.098
沟通表达能力              152   0.613   0.974   0.096
逻辑思维能力              150   0.605   0.962   0.095
文案能力                148   0.597   0.949   0.093
执行能力                110   0.444   0.705   0.069
创新能力                 94   0.379   0.603   0.059
专业素质良好               80   0.323   0.513   0.050
学习能力                 74   0.298   0.474   0.047
工作激情                 67   0.270   0.429   0.042
抗压能力                 64   0.258   0.410   0.040
责任心                  62   0.250   0.397   0.039
领悟能力                 55   0.222   0.353   0.035
遵纪守法                 45   0.181   0.288   0.028
上进心                  42   0.169   0.269   0.026
常用办公软件的使用            41   0.165   0.263   0.026
领导能力                 32   0.129   0.205   0.020
审美能力                 31   0.125   0.199   0.020
设计能力                 31   0.125   0.199   0.020
服务意识                 26   0.105   0.167   0.016
人脉资源                 25   0.101   0.160   0.016
外语基础                 20   0.081   0.128   0.013
亲和力                  19   0.077   0.122   0.012
美术能力                 18   0.073   0.115   0.011
自律                   11   0.044   0.071   0.007
形象气质佳                 9   0.036   0.058   0.006
人际交往                  5   0.020   0.032   0.003
应变能力                  2   0.008   0.013   0.001
能出差                   2   0.008   0.013   0.001
total  248
