名称             频数      频率      最高比率    相对比率    
文案能力                 21   0.808   1.000   0.101
沟通表达能力               21   0.808   1.000   0.101
团队协作能力               20   0.769   0.952   0.097
专业素质良好               19   0.731   0.905   0.092
创新能力                 16   0.615   0.762   0.077
逻辑思维能力               15   0.577   0.714   0.072
领导能力                 13   0.500   0.619   0.063
遵纪守法                 10   0.385   0.476   0.048
责任心                   9   0.346   0.429   0.043
执行能力                  7   0.269   0.333   0.034
领悟能力                  7   0.269   0.333   0.034
抗压能力                  7   0.269   0.333   0.034
人脉资源                  6   0.231   0.286   0.029
工作激情                  5   0.192   0.238   0.024
审美能力                  4   0.154   0.190   0.019
学习能力                  4   0.154   0.190   0.019
常用办公软件的使用             4   0.154   0.190   0.019
设计能力                  4   0.154   0.190   0.019
外语基础                  3   0.115   0.143   0.014
上进心                   3   0.115   0.143   0.014
能出差                   2   0.077   0.095   0.010
人际交往                  2   0.077   0.095   0.010
应变能力                  1   0.038   0.048   0.005
美术能力                  1   0.038   0.048   0.005
服务意识                  1   0.038   0.048   0.005
亲和力                   1   0.038   0.048   0.005
total  26
