名称             频数      频率      最高比率    相对比率    
逻辑思维能力                8   0.667   1.000   0.151
沟通表达能力                6   0.500   0.750   0.113
执行能力                  5   0.417   0.625   0.094
团队协作能力                5   0.417   0.625   0.094
领导能力                  3   0.250   0.375   0.057
服务意识                  3   0.250   0.375   0.057
抗压能力                  3   0.250   0.375   0.057
专业素质良好                3   0.250   0.375   0.057
审美能力                  2   0.167   0.250   0.038
创新能力                  2   0.167   0.250   0.038
上进心                   2   0.167   0.250   0.038
设计能力                  2   0.167   0.250   0.038
文案能力                  2   0.167   0.250   0.038
遵纪守法                  1   0.083   0.125   0.019
领悟能力                  1   0.083   0.125   0.019
常用办公软件的使用             1   0.083   0.125   0.019
学习能力                  1   0.083   0.125   0.019
责任心                   1   0.083   0.125   0.019
total  12
