名称             频数      频率      最高比率    相对比率    
沟通表达能力              201   0.761   1.000   0.122
服务意识                189   0.716   0.940   0.115
团队协作能力              133   0.504   0.662   0.081
遵纪守法                116   0.439   0.577   0.071
责任心                 108   0.409   0.537   0.066
学习能力                 97   0.367   0.483   0.059
工作激情                 96   0.364   0.478   0.058
常用办公软件的使用            95   0.360   0.473   0.058
亲和力                  92   0.348   0.458   0.056
抗压能力                 81   0.307   0.403   0.049
逻辑思维能力               79   0.299   0.393   0.048
专业素质良好               78   0.295   0.388   0.047
应变能力                 48   0.182   0.239   0.029
领导能力                 42   0.159   0.209   0.026
执行能力                 38   0.144   0.189   0.023
领悟能力                 29   0.110   0.144   0.018
上进心                  27   0.102   0.134   0.016
形象气质佳                19   0.072   0.095   0.012
文案能力                 17   0.064   0.085   0.010
创新能力                 17   0.064   0.085   0.010
人脉资源                  9   0.034   0.045   0.005
外语基础                  8   0.030   0.040   0.005
自律                    5   0.019   0.025   0.003
设计能力                  4   0.015   0.020   0.002
能出差                   3   0.011   0.015   0.002
人际交往                  1   0.004   0.005   0.001
total  264
