名称             频数      频率      最高比率    相对比率    
沟通表达能力              406   0.902   1.000   0.119
文案能力                327   0.727   0.805   0.096
逻辑思维能力              297   0.660   0.732   0.087
团队协作能力              288   0.640   0.709   0.084
学习能力                193   0.429   0.475   0.056
专业素质良好              178   0.396   0.438   0.052
服务意识                170   0.378   0.419   0.050
常用办公软件的使用           155   0.344   0.382   0.045
设计能力                148   0.329   0.365   0.043
抗压能力                140   0.311   0.345   0.041
责任心                 131   0.291   0.323   0.038
领悟能力                123   0.273   0.303   0.036
能出差                 109   0.242   0.268   0.032
工作激情                101   0.224   0.249   0.030
遵纪守法                 97   0.216   0.239   0.028
领导能力                 96   0.213   0.236   0.028
创新能力                 72   0.160   0.177   0.021
执行能力                 61   0.136   0.150   0.018
亲和力                  61   0.136   0.150   0.018
上进心                  60   0.133   0.148   0.018
人脉资源                 47   0.104   0.116   0.014
应变能力                 41   0.091   0.101   0.012
形象气质佳                37   0.082   0.091   0.011
外语基础                 24   0.053   0.059   0.007
自律                   19   0.042   0.047   0.006
人际交往                  8   0.018   0.020   0.002
关注行业                  6   0.013   0.015   0.002
美术能力                  2   0.004   0.005   0.001
total  450
