名称             频数      频率      最高比率    相对比率    
沟通表达能力               14   0.778   1.000   0.116
执行能力                 12   0.667   0.857   0.099
逻辑思维能力               12   0.667   0.857   0.099
抗压能力                 11   0.611   0.786   0.091
外语基础                  8   0.444   0.571   0.066
团队协作能力                8   0.444   0.571   0.066
创新能力                  6   0.333   0.429   0.050
领导能力                  6   0.333   0.429   0.050
工作激情                  6   0.333   0.429   0.050
责任心                   6   0.333   0.429   0.050
专业素质良好                5   0.278   0.357   0.041
遵纪守法                  4   0.222   0.286   0.033
服务意识                  4   0.222   0.286   0.033
文案能力                  3   0.167   0.214   0.025
学习能力                  3   0.167   0.214   0.025
领悟能力                  3   0.167   0.214   0.025
常用办公软件的使用             3   0.167   0.214   0.025
应变能力                  2   0.111   0.143   0.017
上进心                   2   0.111   0.143   0.017
人脉资源                  1   0.056   0.071   0.008
自律                    1   0.056   0.071   0.008
设计能力                  1   0.056   0.071   0.008
total  18
