名称             频数      频率      最高比率    相对比率    
沟通表达能力              369   0.820   1.000   0.118
服务意识                347   0.771   0.940   0.111
团队协作能力              303   0.673   0.821   0.097
逻辑思维能力              215   0.478   0.583   0.069
遵纪守法                208   0.462   0.564   0.067
领导能力                174   0.387   0.472   0.056
责任心                 172   0.382   0.466   0.055
抗压能力                167   0.371   0.453   0.054
工作激情                161   0.358   0.436   0.052
专业素质良好              144   0.320   0.390   0.046
常用办公软件的使用           141   0.313   0.382   0.045
学习能力                119   0.264   0.322   0.038
执行能力                114   0.253   0.309   0.037
亲和力                 103   0.229   0.279   0.033
应变能力                 75   0.167   0.203   0.024
领悟能力                 53   0.118   0.144   0.017
创新能力                 44   0.098   0.119   0.014
文案能力                 34   0.076   0.092   0.011
上进心                  33   0.073   0.089   0.011
形象气质佳                26   0.058   0.070   0.008
外语基础                 26   0.058   0.070   0.008
设计能力                 20   0.044   0.054   0.006
人脉资源                 18   0.040   0.049   0.006
人际交往                 14   0.031   0.038   0.004
自律                    7   0.016   0.019   0.002
审美能力                  4   0.009   0.011   0.001
关注行业                  3   0.007   0.008   0.001
能出差                   3   0.007   0.008   0.001
全局观                   1   0.002   0.003   0.000
美术能力                  1   0.002   0.003   0.000
total  450
