名称             频数      频率      最高比率    相对比率    
逻辑思维能力               58   0.879   1.000   0.136
沟通表达能力               45   0.682   0.776   0.105
常用办公软件的使用            41   0.621   0.707   0.096
团队协作能力               28   0.424   0.483   0.066
学习能力                 27   0.409   0.466   0.063
专业素质良好               26   0.394   0.448   0.061
领悟能力                 24   0.364   0.414   0.056
责任心                  24   0.364   0.414   0.056
遵纪守法                 22   0.333   0.379   0.052
抗压能力                 19   0.288   0.328   0.044
工作激情                 17   0.258   0.293   0.040
执行能力                 16   0.242   0.276   0.037
文案能力                 15   0.227   0.259   0.035
领导能力                 11   0.167   0.190   0.026
上进心                   9   0.136   0.155   0.021
人脉资源                  9   0.136   0.155   0.021
服务意识                  9   0.136   0.155   0.021
创新能力                  7   0.106   0.121   0.016
能出差                   5   0.076   0.086   0.012
设计能力                  5   0.076   0.086   0.012
外语基础                  3   0.045   0.052   0.007
亲和力                   2   0.030   0.034   0.005
应变能力                  1   0.015   0.017   0.002
形象气质佳                 1   0.015   0.017   0.002
自律                    1   0.015   0.017   0.002
total  66
