名称             频数      频率      最高比率    相对比率    
文案能力                424   0.944   1.000   0.135
创新能力                320   0.713   0.755   0.102
沟通表达能力              299   0.666   0.705   0.095
逻辑思维能力              233   0.519   0.550   0.074
专业素质良好              216   0.481   0.509   0.069
团队协作能力              215   0.479   0.507   0.069
执行能力                188   0.419   0.443   0.060
领悟能力                136   0.303   0.321   0.043
责任心                 119   0.265   0.281   0.038
设计能力                116   0.258   0.274   0.037
遵纪守法                105   0.234   0.248   0.034
抗压能力                103   0.229   0.243   0.033
常用办公软件的使用           102   0.227   0.241   0.033
工作激情                 94   0.209   0.222   0.030
学习能力                 73   0.163   0.172   0.023
人际交往                 49   0.109   0.116   0.016
领导能力                 46   0.102   0.108   0.015
服务意识                 45   0.100   0.106   0.014
亲和力                  40   0.089   0.094   0.013
形象气质佳                38   0.085   0.090   0.012
人脉资源                 35   0.078   0.083   0.011
审美能力                 34   0.076   0.080   0.011
美术能力                 31   0.069   0.073   0.010
上进心                  26   0.058   0.061   0.008
外语基础                 18   0.040   0.042   0.006
应变能力                  4   0.009   0.009   0.001
关注行业                  4   0.009   0.009   0.001
能出差                   3   0.007   0.007   0.001
自律                    2   0.004   0.005   0.001
total  449
