名称             频数      频率      最高比率    相对比率    
文案能力                292   0.649   1.000   0.106
逻辑思维能力              275   0.611   0.942   0.100
团队协作能力              249   0.553   0.853   0.091
沟通表达能力              227   0.504   0.777   0.083
创新能力                225   0.500   0.771   0.082
执行能力                221   0.491   0.757   0.080
专业素质良好              170   0.378   0.582   0.062
工作激情                 95   0.211   0.325   0.035
责任心                  93   0.207   0.318   0.034
领悟能力                 85   0.189   0.291   0.031
学习能力                 83   0.184   0.284   0.030
抗压能力                 83   0.184   0.284   0.030
常用办公软件的使用            79   0.176   0.271   0.029
遵纪守法                 65   0.144   0.223   0.024
服务意识                 63   0.140   0.216   0.023
设计能力                 58   0.129   0.199   0.021
上进心                  56   0.124   0.192   0.020
审美能力                 55   0.122   0.188   0.020
领导能力                 45   0.100   0.154   0.016
人脉资源                 38   0.084   0.130   0.014
亲和力                  32   0.071   0.110   0.012
应变能力                 21   0.047   0.072   0.008
形象气质佳                21   0.047   0.072   0.008
外语基础                 21   0.047   0.072   0.008
人际交往                 18   0.040   0.062   0.007
自律                   16   0.036   0.055   0.006
美术能力                 16   0.036   0.055   0.006
关注行业                  7   0.016   0.024   0.003
能出差                   4   0.009   0.014   0.001
total  450
