名称             频数      频率      最高比率    相对比率    
外语基础                 42   1.077   1.000   0.192
逻辑思维能力               21   0.538   0.500   0.096
沟通表达能力               17   0.436   0.405   0.078
团队协作能力               17   0.436   0.405   0.078
文案能力                 14   0.359   0.333   0.064
责任心                  12   0.308   0.286   0.055
执行能力                 11   0.282   0.262   0.050
遵纪守法                 10   0.256   0.238   0.046
创新能力                 10   0.256   0.238   0.046
工作激情                  9   0.231   0.214   0.041
抗压能力                  9   0.231   0.214   0.041
专业素质良好                7   0.179   0.167   0.032
学习能力                  6   0.154   0.143   0.027
领悟能力                  6   0.154   0.143   0.027
上进心                   4   0.103   0.095   0.018
设计能力                  4   0.103   0.095   0.018
服务意识                  3   0.077   0.071   0.014
亲和力                   3   0.077   0.071   0.014
审美能力                  2   0.051   0.048   0.009
自律                    2   0.051   0.048   0.009
常用办公软件的使用             2   0.051   0.048   0.009
人脉资源                  1   0.026   0.024   0.005
美术能力                  1   0.026   0.024   0.005
领导能力                  1   0.026   0.024   0.005
total  39
