名称             频数      频率      最高比率    相对比率    
沟通表达能力              168   0.691   1.000   0.121
服务意识                149   0.613   0.887   0.108
团队协作能力              127   0.523   0.756   0.092
遵纪守法                107   0.440   0.637   0.077
抗压能力                105   0.432   0.625   0.076
责任心                  98   0.403   0.583   0.071
工作激情                 96   0.395   0.571   0.069
亲和力                  84   0.346   0.500   0.061
常用办公软件的使用            73   0.300   0.435   0.053
学习能力                 65   0.267   0.387   0.047
专业素质良好               65   0.267   0.387   0.047
逻辑思维能力               50   0.206   0.298   0.036
应变能力                 31   0.128   0.185   0.022
上进心                  31   0.128   0.185   0.022
执行能力                 26   0.107   0.155   0.019
领导能力                 18   0.074   0.107   0.013
领悟能力                 15   0.062   0.089   0.011
创新能力                 13   0.053   0.077   0.009
文案能力                  7   0.029   0.042   0.005
形象气质佳                 6   0.025   0.036   0.004
设计能力                  4   0.016   0.024   0.003
人际交往                  3   0.012   0.018   0.002
外语基础                  3   0.012   0.018   0.002
人脉资源                  3   0.012   0.018   0.002
审美能力                  1   0.004   0.006   0.001
美术能力                  1   0.004   0.006   0.001
能出差                   1   0.004   0.006   0.001
total  243
