名称             频数      频率      最高比率    相对比率    
沟通表达能力               40   0.833   1.000   0.117
逻辑思维能力               40   0.833   1.000   0.117
团队协作能力               33   0.688   0.825   0.096
执行能力                 32   0.667   0.800   0.093
抗压能力                 22   0.458   0.550   0.064
工作激情                 20   0.417   0.500   0.058
文案能力                 18   0.375   0.450   0.052
责任心                  18   0.375   0.450   0.052
遵纪守法                 14   0.292   0.350   0.041
领导能力                 13   0.271   0.325   0.038
领悟能力                 13   0.271   0.325   0.038
专业素质良好               13   0.271   0.325   0.038
创新能力                 11   0.229   0.275   0.032
外语基础                 10   0.208   0.250   0.029
常用办公软件的使用            10   0.208   0.250   0.029
亲和力                   7   0.146   0.175   0.020
学习能力                  6   0.125   0.150   0.017
服务意识                  6   0.125   0.150   0.017
关注行业                  4   0.083   0.100   0.012
人脉资源                  3   0.062   0.075   0.009
设计能力                  3   0.062   0.075   0.009
上进心                   1   0.021   0.025   0.003
自律                    1   0.021   0.025   0.003
人际交往                  1   0.021   0.025   0.003
能出差                   1   0.021   0.025   0.003
total  48
