名称             频数      频率      最高比率    相对比率    
逻辑思维能力              313   0.696   1.000   0.108
沟通表达能力              290   0.644   0.927   0.100
团队协作能力              289   0.642   0.923   0.099
执行能力                208   0.462   0.665   0.072
责任心                 145   0.322   0.463   0.050
工作激情                138   0.307   0.441   0.047
文案能力                135   0.300   0.431   0.046
抗压能力                134   0.298   0.428   0.046
遵纪守法                129   0.287   0.412   0.044
专业素质良好              125   0.278   0.399   0.043
创新能力                124   0.276   0.396   0.043
学习能力                119   0.264   0.380   0.041
领导能力                114   0.253   0.364   0.039
服务意识                107   0.238   0.342   0.037
常用办公软件的使用            86   0.191   0.275   0.030
领悟能力                 77   0.171   0.246   0.026
设计能力                 71   0.158   0.227   0.024
上进心                  70   0.156   0.224   0.024
亲和力                  43   0.096   0.137   0.015
人脉资源                 36   0.080   0.115   0.012
外语基础                 34   0.076   0.109   0.012
自律                   15   0.033   0.048   0.005
审美能力                 13   0.029   0.042   0.004
形象气质佳                11   0.024   0.035   0.004
应变能力                 10   0.022   0.032   0.003
人际交往                 10   0.022   0.032   0.003
能出差                  10   0.022   0.032   0.003
美术能力                  9   0.020   0.029   0.003
关注行业                  4   0.009   0.013   0.001
全局观                   2   0.004   0.006   0.001
total  450
