名称             频数      频率      最高比率    相对比率    
逻辑思维能力              304   0.676   1.000   0.105
团队协作能力              296   0.658   0.974   0.102
沟通表达能力              285   0.633   0.938   0.099
执行能力                203   0.451   0.668   0.070
文案能力                143   0.318   0.470   0.049
责任心                 141   0.313   0.464   0.049
抗压能力                139   0.309   0.457   0.048
遵纪守法                135   0.300   0.444   0.047
专业素质良好              134   0.298   0.441   0.046
创新能力                127   0.282   0.418   0.044
学习能力                125   0.278   0.411   0.043
工作激情                125   0.278   0.411   0.043
领导能力                108   0.240   0.355   0.037
常用办公软件的使用            95   0.211   0.312   0.033
服务意识                 95   0.211   0.312   0.033
设计能力                 66   0.147   0.217   0.023
领悟能力                 65   0.144   0.214   0.022
亲和力                  52   0.116   0.171   0.018
上进心                  50   0.111   0.164   0.017
人脉资源                 41   0.091   0.135   0.014
外语基础                 34   0.076   0.112   0.012
自律                   16   0.036   0.053   0.006
形象气质佳                14   0.031   0.046   0.005
美术能力                 13   0.029   0.043   0.004
审美能力                 11   0.024   0.036   0.004
应变能力                 11   0.024   0.036   0.004
人际交往                 10   0.022   0.033   0.003
能出差                  10   0.022   0.033   0.003
关注行业                  4   0.009   0.013   0.001
全局观                   2   0.004   0.007   0.001
total  450
