名称             频数      频率      最高比率    相对比率    
团队协作能力               41   0.641   1.000   0.107
沟通表达能力               40   0.625   0.976   0.104
逻辑思维能力               38   0.594   0.927   0.099
执行能力                 28   0.438   0.683   0.073
专业素质良好               23   0.359   0.561   0.060
工作激情                 22   0.344   0.537   0.057
抗压能力                 21   0.328   0.512   0.055
文案能力                 19   0.297   0.463   0.049
创新能力                 19   0.297   0.463   0.049
责任心                  19   0.297   0.463   0.049
遵纪守法                 16   0.250   0.390   0.042
学习能力                 16   0.250   0.390   0.042
常用办公软件的使用            11   0.172   0.268   0.029
服务意识                 11   0.172   0.268   0.029
上进心                  11   0.172   0.268   0.029
领导能力                 10   0.156   0.244   0.026
亲和力                   9   0.141   0.220   0.023
人际交往                  7   0.109   0.171   0.018
领悟能力                  6   0.094   0.146   0.016
设计能力                  4   0.062   0.098   0.010
应变能力                  3   0.047   0.073   0.008
人脉资源                  2   0.031   0.049   0.005
审美能力                  1   0.016   0.024   0.003
外语基础                  1   0.016   0.024   0.003
自律                    1   0.016   0.024   0.003
total  64
