名称             频数      频率      最高比率    相对比率    
文案能力                163   0.709   1.000   0.125
专业素质良好              122   0.530   0.748   0.094
沟通表达能力              112   0.487   0.687   0.086
团队协作能力               97   0.422   0.595   0.074
逻辑思维能力               77   0.335   0.472   0.059
遵纪守法                 68   0.296   0.417   0.052
抗压能力                 68   0.296   0.417   0.052
工作激情                 65   0.283   0.399   0.050
创新能力                 58   0.252   0.356   0.044
责任心                  54   0.235   0.331   0.041
外语基础                 53   0.230   0.325   0.041
学习能力                 50   0.217   0.307   0.038
执行能力                 48   0.209   0.294   0.037
上进心                  47   0.204   0.288   0.036
领悟能力                 41   0.178   0.252   0.031
人脉资源                 30   0.130   0.184   0.023
能出差                  25   0.109   0.153   0.019
常用办公软件的使用            18   0.078   0.110   0.014
服务意识                 16   0.070   0.098   0.012
人际交往                 12   0.052   0.074   0.009
亲和力                  12   0.052   0.074   0.009
领导能力                 10   0.043   0.061   0.008
应变能力                  9   0.039   0.055   0.007
审美能力                  8   0.035   0.049   0.006
设计能力                  8   0.035   0.049   0.006
形象气质佳                 7   0.030   0.043   0.005
自律                    5   0.022   0.031   0.004
美术能力                  4   0.017   0.025   0.003
关注行业                  2   0.009   0.012   0.002
total  230
