名称             频数      频率      最高比率    相对比率    
团队协作能力              116   0.789   1.000   0.119
逻辑思维能力              116   0.789   1.000   0.119
沟通表达能力              102   0.694   0.879   0.104
执行能力                 77   0.524   0.664   0.079
领导能力                 60   0.408   0.517   0.061
专业素质良好               46   0.313   0.397   0.047
责任心                  46   0.313   0.397   0.047
创新能力                 45   0.306   0.388   0.046
工作激情                 43   0.293   0.371   0.044
抗压能力                 43   0.293   0.371   0.044
服务意识                 40   0.272   0.345   0.041
遵纪守法                 37   0.252   0.319   0.038
文案能力                 34   0.231   0.293   0.035
领悟能力                 31   0.211   0.267   0.032
学习能力                 28   0.190   0.241   0.029
设计能力                 20   0.136   0.172   0.020
上进心                  15   0.102   0.129   0.015
人脉资源                 12   0.082   0.103   0.012
亲和力                  12   0.082   0.103   0.012
自律                   10   0.068   0.086   0.010
常用办公软件的使用            10   0.068   0.086   0.010
外语基础                  7   0.048   0.060   0.007
能出差                   6   0.041   0.052   0.006
应变能力                  4   0.027   0.034   0.004
人际交往                  4   0.027   0.034   0.004
形象气质佳                 3   0.020   0.026   0.003
审美能力                  3   0.020   0.026   0.003
全局观                   1   0.007   0.009   0.001
关注行业                  1   0.007   0.009   0.001
total  147
